0 40.0 50.0 0 0 1236 0 0 0 None None None None
1 45.0 68.0 -4 890 989 90 6 0 Box2 179 49 100
6 40.0 69.0 4 559 764 90 0 1 Box2 179 49 100
15 20.0 80.0 -2 392 421 90 19 0 Box1 200 87 101
19 15.0 80.0 2 274 349 90 0 15 Box1 200 87 101
33 8.0 40.0 1 42 203 90 0 37 Box1 200 87 101
37 2.0 40.0 -1 365 452 90 33 0 Box1 200 87 101
54 42.0 10.0 4 96 347 90 0 59 Box3 164 90 108
59 38.0 15.0 -4 521 870 90 54 0 Box3 164 90 108
83 72.0 55.0 1 127 476 90 0 89 Box1 200 87 101
89 63.0 58.0 -1 630 909 90 83 0 Box1 200 87 101
93 65.0 85.0 -2 442 551 90 94 0 Box2 179 49 100
94 65.0 82.0 2 227 394 90 0 93 Box2 179 49 100
107 42.2 48.5 0 0 1236 0 0 0 None None None None
