0 40.0 50.0 0 0 1236 0 0 0 None None None None
12 25.0 85.0 -1 647 726 90 16 0 Box1 154 60 109
16 20.0 85.0 1 478 525 90 0 12 Box1 154 60 109
22 28.0 52.0 5 806 889 0 0 105 Box1 154 60 109
43 33.0 35.0 3 16 153 90 0 48 Box1 154 60 109
45 30.0 30.0 4 513 628 90 0 49 Box2 132 86 118
48 28.0 30.0 -3 599 726 90 43 0 Box1 154 60 109
49 28.0 35.0 -4 917 1126 90 45 0 Box2 132 86 118
63 50.0 40.0 3 142 247 90 0 64 Box2 132 86 118
64 48.0 30.0 -3 567 758 90 63 0 Box2 132 86 118
65 48.0 40.0 1 34 171 90 0 74 Box2 132 86 118
74 53.0 35.0 -1 294 471 90 65 0 Box2 132 86 118
83 72.0 55.0 3 127 476 90 0 89 Box2 132 86 118
89 63.0 58.0 -3 630 909 90 83 0 Box2 132 86 118
105 28.0 52.0 -5 806 889 90 22 0 Box1 154 60 109
107 42.2 48.5 0 0 1236 0 0 0 None None None None
