0 40.0 50.0 0 0 1236 0 0 0 None None None None
2 45.0 70.0 -1 816 879 90 9 0 Box2 218 51 115
5 42.0 65.0 2 15 60 90 0 10 Box2 218 51 115
9 38.0 70.0 1 489 650 90 0 2 Box2 218 51 115
10 35.0 66.0 -2 361 406 90 5 0 Box2 218 51 115
31 10.0 35.0 1 204 233 90 0 34 Box2 218 51 115
32 10.0 40.0 3 31 189 90 0 35 Box2 218 51 115
34 8.0 45.0 -1 715 852 90 31 0 Box2 218 51 115
35 5.0 35.0 -3 251 376 90 32 0 Box2 218 51 115
36 5.0 45.0 1 648 733 0 0 102 Box1 205 120 114
40 35.0 30.0 3 240 345 90 0 52 Box2 218 51 115
45 30.0 30.0 3 513 628 90 0 49 Box2 218 51 115
49 28.0 35.0 -3 917 1126 90 45 0 Box2 218 51 115
52 25.0 35.0 -3 857 1024 90 40 0 Box2 218 51 115
58 38.0 5.0 2 403 602 90 0 60 Box1 205 120 114
60 35.0 5.0 -2 487 704 90 58 0 Box1 205 120 114
102 5.0 45.0 -1 648 733 90 36 0 Box1 205 120 114
107 42.2 48.5 0 0 1236 0 0 0 None None None None
