0 40.0 50.0 0 0 1236 0 0 0 None None None None
1 45.0 68.0 -2 890 989 90 6 0 Box1 200 134 95
4 42.0 68.0 -3 703 806 90 8 0 Box3 147 73 155
6 40.0 69.0 2 559 764 90 0 1 Box1 200 134 95
8 38.0 68.0 3 250 329 90 0 4 Box3 147 73 155
15 20.0 80.0 -3 392 421 90 19 0 Box1 200 134 95
19 15.0 80.0 3 274 349 90 0 15 Box1 200 134 95
27 23.0 52.0 3 264 313 90 0 29 Box2 192 124 98
29 20.0 50.0 -3 365 398 90 27 0 Box2 192 124 98
44 32.0 30.0 2 338 433 90 0 51 Box3 147 73 155
51 25.0 30.0 -2 695 816 90 44 0 Box3 147 73 155
63 50.0 40.0 3 142 247 90 0 64 Box3 147 73 155
64 48.0 30.0 -3 567 758 90 63 0 Box3 147 73 155
70 95.0 30.0 2 266 577 90 0 73 Box1 200 134 95
73 92.0 30.0 -2 345 684 90 70 0 Box1 200 134 95
77 88.0 30.0 3 450 767 90 0 80 Box3 147 73 155
80 85.0 25.0 -3 713 876 90 77 0 Box3 147 73 155
95 62.0 80.0 1 163 272 90 0 99 Box3 147 73 155
99 55.0 80.0 -1 595 968 90 95 0 Box3 147 73 155
107 42.2 48.5 0 0 1236 0 0 0 None None None None
