0 14.3 48.3 0 0 72000 0 0 0 None None None None
5 15.6 48.4 1 4200 11400 0 0 30 Box2 174 117 116
11 14.3 48.3 3 400 7600 0 0 36 Box2 174 117 116
13 23.6 46.0 2 1000 8200 0 0 38 Box3 233 59 128
14 21.8 47.9 3 2400 14400 0 0 39 Box2 174 117 116
15 25.6 45.7 1 10700 13100 0 0 40 Box3 233 59 128
16 16.2 48.0 2 2700 5100 0 0 41 Box3 233 59 128
17 25.9 44.4 1 2300 9500 0 0 42 Box3 233 59 128
19 14.3 48.3 1 13800 16200 0 0 44 Box3 233 59 128
20 28.6 44.2 3 8700 11100 0 0 45 Box2 174 117 116
21 15.4 47.1 2 8700 11100 0 0 46 Box2 174 117 116
30 24.6 43.4 -1 55100 62300 0 5 0 Box2 174 117 116
36 22.9 44.0 -3 1900 9100 0 11 0 Box2 174 117 116
38 16.2 48.0 -2 11000 18200 0 13 0 Box3 233 59 128
39 27.5 42.5 -3 13200 25200 0 14 0 Box2 174 117 116
40 19.6 47.0 -1 35600 42800 0 15 0 Box3 233 59 128
41 23.3 42.7 -2 10700 22700 0 16 0 Box3 233 59 128
42 18.2 46.0 -1 8400 10800 0 17 0 Box3 233 59 128
44 21.3 48.7 -1 16400 18800 0 19 0 Box3 233 59 128
45 17.7 47.7 -3 38000 50000 0 20 0 Box2 174 117 116
46 26.3 47.7 -2 15100 22300 0 21 0 Box2 174 117 116
58 20.4 46.4 0 0 72000 0 0 0 None None None None
