0 14.3 48.3 0 0 72000 0 0 0 None None None None
3 19.8 45.2 2 12500 19700 0 0 28 Box1 261 128 70
6 21.6 47.5 1 24000 36000 0 0 31 Box2 313 117 117
11 14.3 48.3 3 400 7600 0 0 36 Box2 313 117 117
23 18.5 47.2 1 2500 9700 0 0 48 Box1 261 128 70
26 16.2 48.0 2 24100 31300 0 0 51 Box1 261 128 70
28 18.2 48.0 -2 54400 61600 0 3 0 Box1 261 128 70
31 25.9 44.4 -1 28700 40700 0 6 0 Box2 313 117 117
36 22.9 44.0 -3 1900 9100 0 11 0 Box2 313 117 117
48 23.1 42.0 -1 41900 44300 0 23 0 Box1 261 128 70
51 19.6 47.0 -2 57100 69100 0 26 0 Box1 261 128 70
58 20.4 46.4 0 0 72000 0 0 0 None None None None
