0 14.3 48.3 0 0 72000 0 0 0 None None None None
4 26.0 43.8 5 32200 34600 0 0 29 Box1 174 73 71
7 21.9 45.3 1 8000 20000 0 0 32 Box1 174 73 71
12 28.0 45.4 5 13700 16100 0 0 37 Box1 174 73 71
14 21.8 47.9 2 2400 14400 0 0 39 Box1 174 73 71
17 25.9 44.4 1 2300 9500 0 0 42 Box1 174 73 71
25 14.9 48.1 4 6600 18600 0 0 50 Box1 174 73 71
29 16.4 48.2 -5 53600 60800 0 4 0 Box1 174 73 71
32 27.5 42.5 -1 25500 27900 0 7 0 Box1 174 73 71
37 17.6 48.4 -5 24200 31400 0 12 0 Box1 174 73 71
39 27.5 42.5 -2 13200 25200 0 14 0 Box1 174 73 71
42 18.2 46.0 -1 8400 10800 0 17 0 Box1 174 73 71
50 20.9 44.0 -4 48100 60100 0 25 0 Box1 174 73 71
58 20.4 46.4 0 0 72000 0 0 0 None None None None
