0 14.3 48.3 0 0 72000 0 0 0 None None None None
4 26.0 43.8 3 32200 34600 0 0 29 Box1 158 130 88
7 21.9 45.3 1 8000 20000 0 0 32 Box1 158 130 88
12 28.0 45.4 3 13700 16100 0 0 37 Box1 158 130 88
14 21.8 47.9 1 2400 14400 0 0 39 Box1 158 130 88
17 25.9 44.4 1 2300 9500 0 0 42 Box1 158 130 88
25 14.9 48.1 2 6600 18600 0 0 50 Box1 158 130 88
29 16.4 48.2 -3 53600 60800 0 4 0 Box1 158 130 88
32 27.5 42.5 -1 25500 27900 0 7 0 Box1 158 130 88
37 17.6 48.4 -3 24200 31400 0 12 0 Box1 158 130 88
39 27.5 42.5 -1 13200 25200 0 14 0 Box1 158 130 88
42 18.2 46.0 -1 8400 10800 0 17 0 Box1 158 130 88
50 20.9 44.0 -2 48100 60100 0 25 0 Box1 158 130 88
58 20.4 46.4 0 0 72000 0 0 0 None None None None
