0 14.3 48.3 0 0 72000 0 0 0 None None None None
6 21.6 47.5 2 24000 36000 0 0 31 Box3 203 67 98
8 15.6 48.4 5 11800 14200 0 0 33 Box1 123 54 70
10 16.4 48.2 3 25800 37800 0 0 35 Box1 123 54 70
15 25.6 45.7 5 10700 13100 0 0 40 Box1 123 54 70
16 16.2 48.0 3 2700 5100 0 0 41 Box3 203 67 98
19 14.3 48.3 1 13800 16200 0 0 44 Box2 138 74 139
20 28.6 44.2 3 8700 11100 0 0 45 Box2 138 74 139
31 25.9 44.4 -2 28700 40700 0 6 0 Box3 203 67 98
33 18.2 48.0 -5 48800 60800 0 8 0 Box1 123 54 70
35 14.9 48.1 -3 47400 49800 0 10 0 Box1 123 54 70
40 19.6 47.0 -5 35600 42800 0 15 0 Box1 123 54 70
41 23.3 42.7 -3 10700 22700 0 16 0 Box3 203 67 98
44 21.3 48.7 -1 16400 18800 0 19 0 Box2 138 74 139
45 17.7 47.7 -3 38000 50000 0 20 0 Box2 138 74 139
58 20.4 46.4 0 0 72000 0 0 0 None None None None
