0 14.3 48.3 0 0 72000 0 0 0 None None None None
6 21.6 47.5 3 24000 36000 0 0 31 Box1 145 110 205
8 15.6 48.4 3 11800 14200 0 0 33 Box2 128 86 136
10 16.4 48.2 2 25800 37800 0 0 35 Box2 128 86 136
15 25.6 45.7 3 10700 13100 0 0 40 Box1 145 110 205
16 16.2 48.0 1 2700 5100 0 0 41 Box1 145 110 205
19 14.3 48.3 2 13800 16200 0 0 44 Box1 145 110 205
20 28.6 44.2 1 8700 11100 0 0 45 Box1 145 110 205
31 25.9 44.4 -3 28700 40700 0 6 0 Box1 145 110 205
33 18.2 48.0 -3 48800 60800 0 8 0 Box2 128 86 136
35 14.9 48.1 -2 47400 49800 0 10 0 Box2 128 86 136
40 19.6 47.0 -3 35600 42800 0 15 0 Box1 145 110 205
41 23.3 42.7 -1 10700 22700 0 16 0 Box1 145 110 205
44 21.3 48.7 -2 16400 18800 0 19 0 Box1 145 110 205
45 17.7 47.7 -1 38000 50000 0 20 0 Box1 145 110 205
58 20.4 46.4 0 0 72000 0 0 0 None None None None
