0 14.3 48.3 0 0 72000 0 0 0 None None None None
3 19.8 45.2 3 12500 19700 0 0 28 Box1 178 54 126
5 15.6 48.4 5 4200 11400 0 0 30 Box1 178 54 126
11 14.3 48.3 1 400 7600 0 0 36 Box1 178 54 126
12 28.0 45.4 2 13700 16100 0 0 37 Box1 178 54 126
13 23.6 46.0 1 1000 8200 0 0 38 Box1 178 54 126
16 16.2 48.0 2 2700 5100 0 0 41 Box1 178 54 126
18 18.1 48.3 2 4600 16600 0 0 43 Box1 178 54 126
27 17.1 48.1 4 2300 14300 0 0 52 Box1 178 54 126
28 18.2 48.0 -3 54400 61600 0 3 0 Box1 178 54 126
30 24.6 43.4 -5 55100 62300 0 5 0 Box1 178 54 126
36 22.9 44.0 -1 1900 9100 0 11 0 Box1 178 54 126
37 17.6 48.4 -2 24200 31400 0 12 0 Box1 178 54 126
38 16.2 48.0 -1 11000 18200 0 13 0 Box1 178 54 126
41 23.3 42.7 -2 10700 22700 0 16 0 Box1 178 54 126
43 27.5 42.5 -2 17500 19900 0 18 0 Box1 178 54 126
52 18.2 46.0 -4 29600 32000 0 27 0 Box1 178 54 126
58 20.4 46.4 0 0 72000 0 0 0 None None None None
