0 14.3 48.3 0 0 72000 0 0 0 None None None None
3 19.8 45.2 2 12500 19700 0 0 28 Box2 218 51 115
5 15.6 48.4 1 4200 11400 0 0 30 Box2 218 51 115
11 14.3 48.3 3 400 7600 0 0 36 Box2 218 51 115
12 28.0 45.4 1 13700 16100 0 0 37 Box1 205 120 114
13 23.6 46.0 3 1000 8200 0 0 38 Box2 218 51 115
16 16.2 48.0 3 2700 5100 0 0 41 Box2 218 51 115
18 18.1 48.3 2 4600 16600 0 0 43 Box1 205 120 114
27 17.1 48.1 1 2300 14300 0 0 52 Box2 218 51 115
28 18.2 48.0 -2 54400 61600 0 3 0 Box2 218 51 115
30 24.6 43.4 -1 55100 62300 0 5 0 Box2 218 51 115
36 22.9 44.0 -3 1900 9100 0 11 0 Box2 218 51 115
37 17.6 48.4 -1 24200 31400 0 12 0 Box1 205 120 114
38 16.2 48.0 -3 11000 18200 0 13 0 Box2 218 51 115
41 23.3 42.7 -3 10700 22700 0 16 0 Box2 218 51 115
43 27.5 42.5 -2 17500 19900 0 18 0 Box1 205 120 114
52 18.2 46.0 -1 29600 32000 0 27 0 Box2 218 51 115
58 20.4 46.4 0 0 72000 0 0 0 None None None None
