0 14.3 48.3 0 0 72000 0 0 0 None None None None
4 26.0 43.8 1 32200 34600 0 0 29 Box1 128 64 127
5 15.6 48.4 2 4200 11400 0 0 30 Box1 128 64 127
7 21.9 45.3 4 8000 20000 0 0 32 Box1 128 64 127
10 16.4 48.2 4 25800 37800 0 0 35 Box1 128 64 127
15 25.6 45.7 5 10700 13100 0 0 40 Box1 128 64 127
19 14.3 48.3 4 13800 16200 0 0 44 Box1 128 64 127
21 15.4 47.1 4 8700 11100 0 0 46 Box1 128 64 127
24 24.6 43.4 2 14100 26100 0 0 49 Box1 128 64 127
25 14.9 48.1 3 6600 18600 0 0 50 Box1 128 64 127
29 16.4 48.2 -1 53600 60800 0 4 0 Box1 128 64 127
30 24.6 43.4 -2 55100 62300 0 5 0 Box1 128 64 127
32 27.5 42.5 -4 25500 27900 0 7 0 Box1 128 64 127
35 14.9 48.1 -4 47400 49800 0 10 0 Box1 128 64 127
40 19.6 47.0 -5 35600 42800 0 15 0 Box1 128 64 127
44 21.3 48.7 -4 16400 18800 0 19 0 Box1 128 64 127
46 26.3 47.7 -4 15100 22300 0 21 0 Box1 128 64 127
49 21.9 45.3 -2 24400 26800 0 24 0 Box1 128 64 127
50 20.9 44.0 -3 48100 60100 0 25 0 Box1 128 64 127
58 20.4 46.4 0 0 72000 0 0 0 None None None None
