0 14.3 48.3 0 0 72000 0 0 0 None None None None
4 26.0 43.8 3 32200 34600 0 0 29 Box1 226 119 91
5 15.6 48.4 1 4200 11400 0 0 30 Box2 262 134 155
7 21.9 45.3 3 8000 20000 0 0 32 Box2 262 134 155
10 16.4 48.2 1 25800 37800 0 0 35 Box2 262 134 155
15 25.6 45.7 3 10700 13100 0 0 40 Box1 226 119 91
19 14.3 48.3 1 13800 16200 0 0 44 Box2 262 134 155
21 15.4 47.1 3 8700 11100 0 0 46 Box3 230 88 123
24 24.6 43.4 3 14100 26100 0 0 49 Box3 230 88 123
25 14.9 48.1 2 6600 18600 0 0 50 Box1 226 119 91
29 16.4 48.2 -3 53600 60800 0 4 0 Box1 226 119 91
30 24.6 43.4 -1 55100 62300 0 5 0 Box2 262 134 155
32 27.5 42.5 -3 25500 27900 0 7 0 Box2 262 134 155
35 14.9 48.1 -1 47400 49800 0 10 0 Box2 262 134 155
40 19.6 47.0 -3 35600 42800 0 15 0 Box1 226 119 91
44 21.3 48.7 -1 16400 18800 0 19 0 Box2 262 134 155
46 26.3 47.7 -3 15100 22300 0 21 0 Box3 230 88 123
49 21.9 45.3 -3 24400 26800 0 24 0 Box3 230 88 123
50 20.9 44.0 -2 48100 60100 0 25 0 Box1 226 119 91
58 20.4 46.4 0 0 72000 0 0 0 None None None None
