0 40.0 50.0 0 0 1236 0 0 0 None None None None
1 45.0 68.0 -1 912 967 90 11 0 Box2 174 117 116
11 35.0 69.0 1 448 505 90 0 1 Box2 174 117 116
47 30.0 35.0 -3 1054 1127 90 49 0 Box2 174 117 116
49 28.0 35.0 3 1001 1066 90 0 47 Box2 174 117 116
40 35.0 30.0 -2 264 321 90 42 0 Box3 233 59 128
41 35.0 32.0 -3 166 235 90 43 0 Box2 174 117 116
42 33.0 32.0 2 68 149 90 0 40 Box3 233 59 128
43 33.0 35.0 3 16 80 90 0 41 Box2 174 117 116
45 30.0 30.0 1 541 600 90 0 48 Box3 233 59 128
48 28.0 30.0 -1 632 693 90 45 0 Box3 233 59 128
51 25.0 30.0 2 725 786 0 0 101 Box3 233 59 128
54 42.0 10.0 1 186 257 90 0 60 Box3 233 59 128
60 35.0 5.0 -1 562 629 90 54 0 Box3 233 59 128
62 50.0 35.0 1 262 317 90 0 68 Box3 233 59 128
65 48.0 40.0 3 76 129 90 0 72 Box2 174 117 116
66 47.0 35.0 2 826 875 90 0 69 Box2 174 117 116
68 45.0 30.0 -1 734 777 90 62 0 Box3 233 59 128
69 45.0 35.0 -2 916 969 90 66 0 Box2 174 117 116
72 53.0 30.0 -3 450 505 90 65 0 Box2 174 117 116
101 25.0 30.0 -2 725 786 90 51 0 Box3 233 59 128
107 42.3 48.5 0 0 1236 0 0 0 None None None None
