0 40.0 50.0 0 0 1236 0 0 0 None None None None
1 45.0 68.0 -4 912 967 90 11 0 Box3 215 84 70
11 35.0 69.0 4 448 505 90 0 1 Box3 215 84 70
47 30.0 35.0 -1 1054 1127 90 49 0 Box3 215 84 70
49 28.0 35.0 1 1001 1066 90 0 47 Box3 215 84 70
40 35.0 30.0 -2 264 321 90 42 0 Box1 193 87 116
41 35.0 32.0 -5 166 235 90 43 0 Box2 234 49 135
42 33.0 32.0 2 68 149 90 0 40 Box1 193 87 116
43 33.0 35.0 5 16 80 90 0 41 Box2 234 49 135
45 30.0 30.0 5 541 600 90 0 48 Box4 217 64 99
48 28.0 30.0 -5 632 693 90 45 0 Box4 217 64 99
51 25.0 30.0 1 725 786 0 0 101 Box2 234 49 135
54 42.0 10.0 5 186 257 90 0 60 Box3 215 84 70
60 35.0 5.0 -5 562 629 90 54 0 Box3 215 84 70
62 50.0 35.0 5 262 317 90 0 68 Box3 215 84 70
65 48.0 40.0 3 76 129 90 0 72 Box3 215 84 70
66 47.0 35.0 2 826 875 90 0 69 Box2 234 49 135
68 45.0 30.0 -5 734 777 90 62 0 Box3 215 84 70
69 45.0 35.0 -2 916 969 90 66 0 Box2 234 49 135
72 53.0 30.0 -3 450 505 90 65 0 Box3 215 84 70
101 25.0 30.0 -1 725 786 90 51 0 Box2 234 49 135
107 42.3 48.5 0 0 1236 0 0 0 None None None None
