0 40.0 50.0 0 0 1236 0 0 0 None None None None
5 42.0 65.0 5 15 67 90 0 7 Box1 146 85 117
7 40.0 66.0 -5 170 225 90 5 0 Box1 146 85 117
14 22.0 85.0 -2 567 620 90 16 0 Box1 146 85 117
16 20.0 85.0 2 475 528 90 0 14 Box1 146 85 117
8 38.0 68.0 3 255 324 90 0 10 Box2 227 53 99
10 35.0 66.0 -3 357 410 90 8 0 Box2 227 53 99
78 88.0 35.0 1 109 170 0 0 104 Box1 146 85 117
88 65.0 60.0 -5 645 708 90 90 0 Box1 146 85 117
90 60.0 55.0 5 20 84 90 0 88 Box1 146 85 117
104 88.0 35.0 -1 109 170 90 78 0 Box1 146 85 117
107 42.3 48.5 0 0 1236 0 0 0 None None None None
