0 40.0 50.0 0 0 1236 0 0 0 None None None None
2 45.0 70.0 -2 825 870 90 6 0 Box1 305 107 140
6 40.0 69.0 2 621 702 90 0 2 Box1 305 107 140
13 22.0 75.0 2 30 92 90 0 17 Box1 305 107 140
17 18.0 75.0 -2 99 148 90 13 0 Box1 305 107 140
20 30.0 50.0 1 10 73 90 0 24 Box1 305 107 140
24 25.0 50.0 -1 65 144 90 20 0 Box1 305 107 140
49 28.0 35.0 3 1001 1066 90 0 47 Box1 305 107 140
47 30.0 35.0 -3 1054 1127 90 49 0 Box1 305 107 140
84 70.0 58.0 1 458 523 90 0 89 Box1 305 107 140
89 63.0 58.0 -1 737 802 90 84 0 Box1 305 107 140
92 67.0 85.0 1 368 441 90 0 93 Box1 305 107 140
93 65.0 85.0 -1 475 518 90 92 0 Box1 305 107 140
107 42.3 48.5 0 0 1236 0 0 0 None None None None
