0 40.0 50.0 0 0 1236 0 0 0 None None None None
14 22.0 85.0 -3 567 620 90 16 0 Box2 128 86 136
16 20.0 85.0 3 475 528 90 0 14 Box2 128 86 136
23 28.0 55.0 3 732 777 0 0 103 Box1 145 110 205
45 30.0 30.0 2 541 600 90 0 48 Box2 128 86 136
48 28.0 30.0 -2 632 693 90 45 0 Box2 128 86 136
50 26.0 32.0 1 815 880 90 0 52 Box1 145 110 205
52 25.0 35.0 -1 912 969 90 50 0 Box1 145 110 205
63 50.0 40.0 2 171 218 90 0 74 Box1 145 110 205
64 48.0 30.0 1 632 693 0 0 102 Box1 145 110 205
74 53.0 35.0 -2 353 412 90 63 0 Box1 145 110 205
84 70.0 58.0 3 458 523 90 0 89 Box1 145 110 205
89 63.0 58.0 -3 737 802 90 84 0 Box1 145 110 205
102 48.0 30.0 -1 632 693 90 64 0 Box1 145 110 205
103 28.0 55.0 -3 732 777 90 23 0 Box1 145 110 205
107 42.3 48.5 0 0 1236 0 0 0 None None None None
