0 40.0 50.0 0 0 1236 0 0 0 None None None None
14 22.0 85.0 -1 567 620 90 16 0 Box1 154 60 109
16 20.0 85.0 1 475 528 90 0 14 Box1 154 60 109
23 28.0 55.0 5 732 777 0 0 103 Box1 154 60 109
45 30.0 30.0 3 541 600 90 0 48 Box1 154 60 109
48 28.0 30.0 -3 632 693 90 45 0 Box1 154 60 109
50 26.0 32.0 4 815 880 90 0 52 Box2 132 86 118
52 25.0 35.0 -4 912 969 90 50 0 Box2 132 86 118
63 50.0 40.0 3 171 218 90 0 74 Box2 132 86 118
64 48.0 30.0 1 632 693 0 0 102 Box2 132 86 118
74 53.0 35.0 -3 353 412 90 63 0 Box2 132 86 118
84 70.0 58.0 3 458 523 90 0 89 Box2 132 86 118
89 63.0 58.0 -3 737 802 90 84 0 Box2 132 86 118
102 48.0 30.0 -1 632 693 90 64 0 Box2 132 86 118
103 28.0 55.0 -5 732 777 90 23 0 Box1 154 60 109
107 42.3 48.5 0 0 1236 0 0 0 None None None None
