0 40.0 50.0 0 0 1236 0 0 0 None None None None
1 45.0 68.0 -1 912 967 90 11 0 Box2 218 51 115
2 45.0 70.0 -2 825 870 90 6 0 Box2 218 51 115
6 40.0 69.0 2 621 702 90 0 2 Box2 218 51 115
11 35.0 69.0 1 448 505 90 0 1 Box2 218 51 115
31 10.0 35.0 -1 200 237 90 32 0 Box2 218 51 115
32 10.0 40.0 1 31 100 90 0 31 Box2 218 51 115
33 8.0 40.0 3 87 158 90 0 37 Box2 218 51 115
36 5.0 45.0 1 665 716 0 0 105 Box1 205 120 114
37 2.0 40.0 -3 383 434 90 33 0 Box2 218 51 115
15 20.0 80.0 -3 384 429 90 19 0 Box2 218 51 115
19 15.0 80.0 3 278 345 90 0 15 Box2 218 51 115
50 26.0 32.0 3 815 880 90 0 52 Box2 218 51 115
52 25.0 35.0 -3 912 969 90 50 0 Box2 218 51 115
55 42.0 15.0 -2 95 158 90 57 0 Box1 205 120 114
57 40.0 15.0 2 35 87 90 0 55 Box1 205 120 114
105 5.0 45.0 -1 665 716 90 36 0 Box1 205 120 114
107 42.3 48.5 0 0 1236 0 0 0 None None None None
