0 40.0 50.0 0 0 1236 0 0 0 None None None None
1 45.0 68.0 -5 912 967 90 11 0 Box1 178 54 126
2 45.0 70.0 -3 825 870 90 6 0 Box1 178 54 126
6 40.0 69.0 3 621 702 90 0 2 Box1 178 54 126
11 35.0 69.0 5 448 505 90 0 1 Box1 178 54 126
31 10.0 35.0 -4 200 237 90 32 0 Box1 178 54 126
32 10.0 40.0 4 31 100 90 0 31 Box1 178 54 126
33 8.0 40.0 1 87 158 90 0 37 Box1 178 54 126
36 5.0 45.0 2 665 716 0 0 105 Box1 178 54 126
37 2.0 40.0 -1 383 434 90 33 0 Box1 178 54 126
15 20.0 80.0 -1 384 429 90 19 0 Box1 178 54 126
19 15.0 80.0 1 278 345 90 0 15 Box1 178 54 126
50 26.0 32.0 2 815 880 90 0 52 Box1 178 54 126
52 25.0 35.0 -2 912 969 90 50 0 Box1 178 54 126
55 42.0 15.0 -2 95 158 90 57 0 Box1 178 54 126
57 40.0 15.0 2 35 87 90 0 55 Box1 178 54 126
105 5.0 45.0 -2 665 716 90 36 0 Box1 178 54 126
107 42.3 48.5 0 0 1236 0 0 0 None None None None
