0 40.0 50.0 0 0 1236 0 0 0 None None None None
2 45.0 70.0 -2 825 870 90 6 0 Box1 200 134 95
4 42.0 68.0 -3 727 782 90 9 0 Box3 147 73 155
6 40.0 69.0 2 621 702 90 0 2 Box1 200 134 95
9 38.0 70.0 3 534 605 90 0 4 Box3 147 73 155
15 20.0 80.0 -3 384 429 90 19 0 Box1 200 134 95
19 15.0 80.0 3 278 345 90 0 15 Box1 200 134 95
26 25.0 55.0 -3 622 701 90 29 0 Box2 192 124 98
29 20.0 50.0 3 358 405 90 0 26 Box2 192 124 98
47 30.0 35.0 -2 1054 1127 90 49 0 Box3 147 73 155
49 28.0 35.0 2 1001 1066 90 0 47 Box3 147 73 155
61 50.0 30.0 -2 531 610 90 67 0 Box1 200 134 95
67 47.0 40.0 2 12 77 90 0 61 Box1 200 134 95
65 48.0 40.0 3 76 129 90 0 72 Box3 147 73 155
72 53.0 30.0 -3 450 505 90 65 0 Box3 147 73 155
78 88.0 35.0 3 109 170 0 0 104 Box3 147 73 155
94 65.0 82.0 -1 285 336 90 96 0 Box3 147 73 155
96 60.0 80.0 1 95 156 90 0 94 Box3 147 73 155
104 88.0 35.0 -3 109 170 90 78 0 Box3 147 73 155
107 42.3 48.5 0 0 1236 0 0 0 None None None None
