0 40.0 50.0 0 0 1236 0 0 0 None None None None
2 45.0 70.0 -5 825 870 90 6 0 Box5 167 83 95
4 42.0 68.0 -4 727 782 90 9 0 Box4 159 83 123
6 40.0 69.0 5 621 702 90 0 2 Box5 167 83 95
9 38.0 70.0 4 534 605 90 0 4 Box4 159 83 123
15 20.0 80.0 -1 384 429 90 19 0 Box3 123 75 90
19 15.0 80.0 1 278 345 90 0 15 Box3 123 75 90
26 25.0 55.0 -4 622 701 90 29 0 Box5 167 83 95
29 20.0 50.0 4 358 405 90 0 26 Box5 167 83 95
47 30.0 35.0 -4 1054 1127 90 49 0 Box1 184 88 72
49 28.0 35.0 4 1001 1066 90 0 47 Box1 184 88 72
61 50.0 30.0 -4 531 610 90 67 0 Box1 184 88 72
67 47.0 40.0 4 12 77 90 0 61 Box1 184 88 72
65 48.0 40.0 5 76 129 90 0 72 Box1 184 88 72
72 53.0 30.0 -5 450 505 90 65 0 Box1 184 88 72
78 88.0 35.0 2 109 170 0 0 104 Box3 123 75 90
94 65.0 82.0 -3 285 336 90 96 0 Box2 213 79 73
96 60.0 80.0 3 95 156 90 0 94 Box2 213 79 73
104 88.0 35.0 -2 109 170 90 78 0 Box3 123 75 90
107 42.3 48.5 0 0 1236 0 0 0 None None None None
