0 40.0 50.0 0 0 1236 0 0 0 None None None None
7 40.0 66.0 4 0 1130 90 0 9 Box3 215 84 70
9 38.0 70.0 -4 534 605 90 7 0 Box3 215 84 70
31 10.0 35.0 1 0 1112 90 0 38 Box3 215 84 70
38 0.0 40.0 -1 479 522 90 31 0 Box3 215 84 70
40 35.0 30.0 2 264 321 90 0 48 Box1 193 87 116
41 35.0 32.0 5 166 235 90 0 44 Box2 234 49 135
43 33.0 35.0 5 0 1129 90 0 51 Box4 217 64 99
44 32.0 30.0 -5 359 412 90 41 0 Box2 234 49 135
47 30.0 35.0 -1 0 1127 90 52 0 Box2 234 49 135
48 28.0 30.0 -2 0 1122 90 40 0 Box1 193 87 116
51 25.0 30.0 -5 0 1121 90 43 0 Box4 217 64 99
52 25.0 35.0 1 0 1124 90 0 47 Box2 234 49 135
55 42.0 15.0 5 95 158 90 0 59 Box3 215 84 70
59 38.0 15.0 -5 0 1110 90 55 0 Box3 215 84 70
61 50.0 30.0 5 0 1123 90 0 66 Box3 215 84 70
65 48.0 40.0 -3 76 129 90 67 0 Box3 215 84 70
66 47.0 35.0 -5 826 875 90 61 0 Box3 215 84 70
67 47.0 40.0 3 12 77 90 0 65 Box3 215 84 70
70 95.0 30.0 2 387 456 90 0 80 Box2 234 49 135
80 85.0 25.0 -2 769 820 90 70 0 Box2 234 49 135
105 41.9 48.7 0 0 1236 0 0 0 None None None None
