0 40.0 50.0 0 0 1236 0 0 0 None None None None
3 42.0 66.0 5 0 1129 90 0 8 Box1 146 85 117
8 38.0 68.0 -5 255 324 90 3 0 Box1 146 85 117
14 22.0 85.0 -2 0 1106 90 15 0 Box1 146 85 117
15 20.0 80.0 2 384 429 90 0 14 Box1 146 85 117
32 10.0 40.0 2 0 1114 90 0 33 Box2 227 53 99
33 8.0 40.0 -2 87 158 90 32 0 Box2 227 53 99
63 50.0 40.0 -1 0 1131 90 79 0 Box1 146 85 117
79 87.0 30.0 1 668 731 90 0 63 Box1 146 85 117
93 65.0 85.0 5 475 518 0 0 102 Box1 146 85 117
102 65.0 85.0 -5 475 518 90 93 0 Box1 146 85 117
105 41.9 48.7 0 0 1236 0 0 0 None None None None
