0 40.0 50.0 0 0 1236 0 0 0 None None None None
2 45.0 70.0 -4 0 1125 90 4 0 Box2 179 49 100
4 42.0 68.0 4 727 782 90 0 2 Box2 179 49 100
16 20.0 85.0 -2 0 1105 90 18 0 Box1 200 87 101
18 15.0 75.0 2 0 1110 90 0 16 Box1 200 87 101
35 5.0 35.0 1 283 344 0 0 104 Box1 200 87 101
55 42.0 15.0 4 95 158 90 0 59 Box3 164 90 108
59 38.0 15.0 -4 0 1110 90 55 0 Box3 164 90 108
86 66.0 55.0 1 0 1119 90 0 89 Box1 200 87 101
89 63.0 58.0 -1 0 1121 90 86 0 Box1 200 87 101
94 65.0 82.0 2 0 1105 90 0 99 Box2 179 49 100
99 55.0 80.0 -2 743 820 90 94 0 Box2 179 49 100
104 5.0 35.0 -1 283 344 90 35 0 Box1 200 87 101
105 41.9 48.7 0 0 1236 0 0 0 None None None None
