0 40.0 50.0 0 0 1236 0 0 0 None None None None
14 22.0 85.0 -3 0 1106 90 15 0 Box2 128 86 136
15 20.0 80.0 3 384 429 90 0 14 Box2 128 86 136
21 30.0 52.0 -3 0 1135 90 22 0 Box1 145 110 205
22 28.0 52.0 3 812 883 90 0 21 Box1 145 110 205
43 33.0 35.0 2 0 1129 90 0 51 Box2 128 86 136
46 30.0 32.0 1 0 1125 0 0 101 Box1 145 110 205
51 25.0 30.0 -2 0 1121 90 43 0 Box2 128 86 136
62 50.0 35.0 2 262 317 90 0 74 Box1 145 110 205
64 48.0 30.0 1 632 693 90 0 69 Box1 145 110 205
69 45.0 35.0 -1 916 969 90 64 0 Box1 145 110 205
74 53.0 35.0 -2 353 412 90 62 0 Box1 145 110 205
86 66.0 55.0 3 0 1119 90 0 89 Box1 145 110 205
89 63.0 58.0 -3 0 1121 90 86 0 Box1 145 110 205
101 30.0 32.0 -1 0 1125 90 46 0 Box1 145 110 205
105 41.9 48.7 0 0 1236 0 0 0 None None None None
