0 40.0 50.0 0 0 1236 0 0 0 None None None None
3 42.0 66.0 3 0 1129 90 0 8 Box1 178 54 126
6 40.0 69.0 -5 621 702 90 10 0 Box1 178 54 126
8 38.0 68.0 -3 255 324 90 3 0 Box1 178 54 126
10 35.0 66.0 5 357 410 90 0 6 Box1 178 54 126
31 10.0 35.0 4 0 1112 90 0 38 Box1 178 54 126
32 10.0 40.0 1 0 1114 90 0 33 Box1 178 54 126
33 8.0 40.0 -1 87 158 90 32 0 Box1 178 54 126
34 8.0 45.0 -2 0 1113 90 36 0 Box1 178 54 126
36 5.0 45.0 2 665 716 90 0 34 Box1 178 54 126
38 0.0 40.0 -4 479 522 90 31 0 Box1 178 54 126
40 35.0 30.0 1 264 321 90 0 48 Box1 178 54 126
46 30.0 32.0 2 0 1125 0 0 101 Box1 178 54 126
48 28.0 30.0 -1 0 1122 90 40 0 Box1 178 54 126
58 38.0 5.0 2 471 534 90 0 60 Box1 178 54 126
60 35.0 5.0 -2 0 1100 90 58 0 Box1 178 54 126
101 30.0 32.0 -2 0 1125 90 46 0 Box1 178 54 126
105 41.9 48.7 0 0 1236 0 0 0 None None None None
