0 40.0 50.0 0 0 1236 0 0 0 None None None None
3 42.0 66.0 2 0 1129 90 0 8 Box2 218 51 115
6 40.0 69.0 -1 621 702 90 10 0 Box2 218 51 115
8 38.0 68.0 -2 255 324 90 3 0 Box2 218 51 115
10 35.0 66.0 1 357 410 90 0 6 Box2 218 51 115
31 10.0 35.0 1 0 1112 90 0 38 Box2 218 51 115
32 10.0 40.0 3 0 1114 90 0 33 Box2 218 51 115
33 8.0 40.0 -3 87 158 90 32 0 Box2 218 51 115
34 8.0 45.0 -1 0 1113 90 36 0 Box1 205 120 114
36 5.0 45.0 1 665 716 90 0 34 Box1 205 120 114
38 0.0 40.0 -1 479 522 90 31 0 Box2 218 51 115
40 35.0 30.0 3 264 321 90 0 48 Box2 218 51 115
46 30.0 32.0 3 0 1125 0 0 101 Box2 218 51 115
48 28.0 30.0 -3 0 1122 90 40 0 Box2 218 51 115
58 38.0 5.0 2 471 534 90 0 60 Box1 205 120 114
60 35.0 5.0 -2 0 1100 90 58 0 Box1 205 120 114
101 30.0 32.0 -3 0 1125 90 46 0 Box2 218 51 115
105 41.9 48.7 0 0 1236 0 0 0 None None None None
