0 40.0 50.0 0 0 1236 0 0 0 None None None None
2 45.0 70.0 -5 0 1125 90 4 0 Box5 167 83 95
4 42.0 68.0 5 727 782 90 0 2 Box5 167 83 95
7 40.0 66.0 4 0 1130 90 0 9 Box4 159 83 123
9 38.0 70.0 -4 534 605 90 7 0 Box4 159 83 123
16 20.0 85.0 -1 0 1105 90 18 0 Box3 123 75 90
18 15.0 75.0 1 0 1110 90 0 16 Box3 123 75 90
27 23.0 52.0 4 261 316 90 0 30 Box5 167 83 95
30 20.0 55.0 -4 449 504 90 27 0 Box5 167 83 95
45 30.0 30.0 4 541 600 90 0 50 Box1 184 88 72
50 26.0 32.0 -4 0 1123 90 45 0 Box1 184 88 72
62 50.0 35.0 5 262 317 90 0 74 Box1 184 88 72
63 50.0 40.0 -2 0 1131 90 79 0 Box3 123 75 90
71 95.0 35.0 4 0 1088 90 0 73 Box1 184 88 72
73 92.0 30.0 -4 0 1090 90 71 0 Box1 184 88 72
74 53.0 35.0 -5 353 412 90 62 0 Box1 184 88 72
79 87.0 30.0 2 668 731 90 0 63 Box3 123 75 90
94 65.0 82.0 3 0 1105 90 0 99 Box2 213 79 73
99 55.0 80.0 -3 743 820 90 94 0 Box2 213 79 73
105 41.9 48.7 0 0 1236 0 0 0 None None None None
