0 40.0 50.0 0 0 1236 0 0 0 None None None None
2 45.0 70.0 -2 0 1125 90 4 0 Box1 200 134 95
4 42.0 68.0 2 727 782 90 0 2 Box1 200 134 95
7 40.0 66.0 3 0 1130 90 0 9 Box3 147 73 155
9 38.0 70.0 -3 534 605 90 7 0 Box3 147 73 155
16 20.0 85.0 -3 0 1105 90 18 0 Box1 200 134 95
18 15.0 75.0 3 0 1110 90 0 16 Box1 200 134 95
27 23.0 52.0 3 261 316 90 0 30 Box2 192 124 98
30 20.0 55.0 -3 449 504 90 27 0 Box2 192 124 98
45 30.0 30.0 2 541 600 90 0 50 Box3 147 73 155
50 26.0 32.0 -2 0 1123 90 45 0 Box3 147 73 155
62 50.0 35.0 3 262 317 90 0 74 Box3 147 73 155
63 50.0 40.0 -3 0 1131 90 79 0 Box3 147 73 155
71 95.0 35.0 2 0 1088 90 0 73 Box1 200 134 95
73 92.0 30.0 -2 0 1090 90 71 0 Box1 200 134 95
74 53.0 35.0 -3 353 412 90 62 0 Box3 147 73 155
79 87.0 30.0 3 668 731 90 0 63 Box3 147 73 155
94 65.0 82.0 1 0 1105 90 0 99 Box3 147 73 155
99 55.0 80.0 -1 743 820 90 94 0 Box3 147 73 155
105 41.9 48.7 0 0 1236 0 0 0 None None None None
