0 40.0 50.0 0 0 1236 0 0 0 None None None None
7 40.0 66.0 4 0 1130 90 0 11 Box3 215 84 70
11 35.0 69.0 -4 448 505 90 7 0 Box3 215 84 70
31 10.0 35.0 1 0 1112 90 0 35 Box3 215 84 70
35 5.0 35.0 -1 283 344 90 31 0 Box3 215 84 70
41 35.0 32.0 2 166 235 90 0 51 Box1 193 87 116
42 33.0 32.0 5 68 149 90 0 48 Box2 234 49 135
44 32.0 30.0 5 359 412 90 0 47 Box4 217 64 99
47 30.0 35.0 -5 1054 1127 90 44 0 Box4 217 64 99
48 28.0 30.0 -5 0 1122 90 42 0 Box2 234 49 135
49 28.0 35.0 -1 1001 1066 90 52 0 Box2 234 49 135
51 25.0 30.0 -2 725 786 90 41 0 Box1 193 87 116
52 25.0 35.0 1 0 1124 90 0 49 Box2 234 49 135
53 44.0 5.0 -5 286 347 90 55 0 Box3 215 84 70
55 42.0 15.0 5 95 158 90 0 53 Box3 215 84 70
61 50.0 30.0 -3 531 610 90 67 0 Box3 215 84 70
62 50.0 35.0 5 262 317 90 0 66 Box3 215 84 70
66 47.0 35.0 -5 826 875 90 62 0 Box3 215 84 70
67 47.0 40.0 3 12 77 90 0 61 Box3 215 84 70
68 45.0 30.0 2 734 777 0 0 102 Box2 234 49 135
102 45.0 30.0 -2 734 777 90 68 0 Box2 234 49 135
107 42.2 48.5 0 0 1236 0 0 0 None None None None
