0 40.0 50.0 0 0 1236 0 0 0 None None None None
7 40.0 66.0 1 0 1130 90 0 11 Box2 174 117 116
11 35.0 69.0 -1 448 505 90 7 0 Box2 174 117 116
31 10.0 35.0 3 0 1112 90 0 35 Box2 174 117 116
35 5.0 35.0 -3 283 344 90 31 0 Box2 174 117 116
41 35.0 32.0 2 166 235 90 0 51 Box3 233 59 128
42 33.0 32.0 3 68 149 90 0 48 Box2 174 117 116
44 32.0 30.0 1 359 412 90 0 47 Box3 233 59 128
47 30.0 35.0 -1 1054 1127 90 44 0 Box3 233 59 128
48 28.0 30.0 -3 0 1122 90 42 0 Box2 174 117 116
49 28.0 35.0 -2 1001 1066 90 52 0 Box3 233 59 128
51 25.0 30.0 -2 725 786 90 41 0 Box3 233 59 128
52 25.0 35.0 2 0 1124 90 0 49 Box3 233 59 128
53 44.0 5.0 -1 286 347 90 55 0 Box3 233 59 128
55 42.0 15.0 1 95 158 90 0 53 Box3 233 59 128
61 50.0 30.0 -3 531 610 90 67 0 Box2 174 117 116
62 50.0 35.0 1 262 317 90 0 66 Box3 233 59 128
66 47.0 35.0 -1 826 875 90 62 0 Box3 233 59 128
67 47.0 40.0 3 12 77 90 0 61 Box2 174 117 116
68 45.0 30.0 2 734 777 0 0 102 Box2 174 117 116
102 45.0 30.0 -2 734 777 90 68 0 Box2 174 117 116
107 42.2 48.5 0 0 1236 0 0 0 None None None None
