0 40.0 50.0 0 0 1236 0 0 0 None None None None
3 42.0 66.0 2 0 1129 90 0 10 Box1 261 128 70
10 35.0 66.0 -2 357 410 90 3 0 Box1 261 128 70
14 22.0 85.0 -1 567 620 90 16 0 Box2 313 117 117
16 20.0 85.0 1 475 528 90 0 14 Box2 313 117 117
65 48.0 40.0 3 76 129 90 0 72 Box2 313 117 117
72 53.0 30.0 -3 0 1122 90 65 0 Box2 313 117 117
78 88.0 35.0 1 109 170 0 0 105 Box1 261 128 70
86 66.0 55.0 -2 173 238 90 90 0 Box1 261 128 70
90 60.0 55.0 2 20 84 90 0 86 Box1 261 128 70
105 88.0 35.0 -1 109 170 90 78 0 Box1 261 128 70
107 42.2 48.5 0 0 1236 0 0 0 None None None None
