0 40.0 50.0 0 0 1236 0 0 0 None None None None
5 42.0 65.0 4 0 1130 90 0 9 Box2 179 49 100
9 38.0 70.0 -4 534 605 90 5 0 Box2 179 49 100
15 20.0 80.0 -2 384 429 90 18 0 Box1 200 87 101
18 15.0 75.0 2 179 254 90 0 15 Box1 200 87 101
34 8.0 45.0 -1 0 1113 90 37 0 Box1 200 87 101
37 2.0 40.0 1 0 1106 90 0 34 Box1 200 87 101
53 44.0 5.0 -4 286 347 90 55 0 Box3 164 90 108
55 42.0 15.0 4 95 158 90 0 53 Box3 164 90 108
83 72.0 55.0 1 0 1113 90 0 84 Box1 200 87 101
84 70.0 58.0 -1 458 523 90 83 0 Box1 200 87 101
93 65.0 85.0 2 475 518 90 0 99 Box2 179 49 100
99 55.0 80.0 -2 743 820 90 93 0 Box2 179 49 100
107 42.2 48.5 0 0 1236 0 0 0 None None None None
