0 40.0 50.0 0 0 1236 0 0 0 None None None None
14 22.0 85.0 -3 567 620 90 16 0 Box2 128 86 136
16 20.0 85.0 3 475 528 90 0 14 Box2 128 86 136
21 30.0 52.0 -3 0 1135 90 23 0 Box1 145 110 205
23 28.0 55.0 3 732 777 90 0 21 Box1 145 110 205
44 32.0 30.0 2 359 412 90 0 47 Box2 128 86 136
47 30.0 35.0 -2 1054 1127 90 44 0 Box2 128 86 136
50 26.0 32.0 1 0 1123 0 0 106 Box1 145 110 205
63 50.0 40.0 2 171 218 90 0 69 Box1 145 110 205
65 48.0 40.0 1 76 129 90 0 72 Box1 145 110 205
69 45.0 35.0 -2 916 969 90 63 0 Box1 145 110 205
72 53.0 30.0 -1 0 1122 90 65 0 Box1 145 110 205
83 72.0 55.0 3 0 1113 90 0 84 Box1 145 110 205
84 70.0 58.0 -3 458 523 90 83 0 Box1 145 110 205
106 26.0 32.0 -1 0 1123 90 50 0 Box1 145 110 205
107 42.2 48.5 0 0 1236 0 0 0 None None None None
