0 40.0 50.0 0 0 1236 0 0 0 None None None None
2 45.0 70.0 -5 0 1125 90 8 0 Box1 178 54 126
3 42.0 66.0 3 0 1129 90 0 10 Box1 178 54 126
8 38.0 68.0 5 255 324 90 0 2 Box1 178 54 126
10 35.0 66.0 -3 357 410 90 3 0 Box1 178 54 126
31 10.0 35.0 4 0 1112 90 0 35 Box1 178 54 126
32 10.0 40.0 1 31 100 90 0 33 Box1 178 54 126
33 8.0 40.0 -1 87 158 90 32 0 Box1 178 54 126
35 5.0 35.0 -4 283 344 90 31 0 Box1 178 54 126
36 5.0 45.0 -2 665 716 90 38 0 Box1 178 54 126
38 0.0 40.0 2 479 522 90 0 36 Box1 178 54 126
41 35.0 32.0 1 166 235 90 0 51 Box1 178 54 126
50 26.0 32.0 2 0 1123 0 0 106 Box1 178 54 126
51 25.0 30.0 -1 725 786 90 41 0 Box1 178 54 126
58 38.0 5.0 2 471 534 90 0 59 Box1 178 54 126
59 38.0 15.0 -2 0 1110 90 58 0 Box1 178 54 126
106 26.0 32.0 -2 0 1123 90 50 0 Box1 178 54 126
107 42.2 48.5 0 0 1236 0 0 0 None None None None
