0 40.0 50.0 0 0 1236 0 0 0 None None None None
5 42.0 65.0 2 0 1130 90 0 9 Box1 200 134 95
7 40.0 66.0 3 0 1130 90 0 11 Box3 147 73 155
9 38.0 70.0 -2 534 605 90 5 0 Box1 200 134 95
11 35.0 69.0 -3 448 505 90 7 0 Box3 147 73 155
15 20.0 80.0 -3 384 429 90 18 0 Box1 200 134 95
18 15.0 75.0 3 179 254 90 0 15 Box1 200 134 95
28 23.0 55.0 3 546 593 0 0 103 Box2 192 124 98
45 30.0 30.0 -2 541 600 90 46 0 Box3 147 73 155
46 30.0 32.0 2 448 509 90 0 45 Box3 147 73 155
63 50.0 40.0 3 171 218 90 0 69 Box3 147 73 155
69 45.0 35.0 -3 916 969 90 63 0 Box3 147 73 155
71 95.0 35.0 2 293 360 90 0 77 Box1 200 134 95
77 88.0 30.0 -2 574 643 90 71 0 Box1 200 134 95
78 88.0 35.0 3 109 170 0 0 105 Box3 147 73 155
95 62.0 80.0 1 0 1108 90 0 100 Box3 147 73 155
100 55.0 85.0 -1 647 726 90 95 0 Box3 147 73 155
103 23.0 55.0 -3 546 593 90 28 0 Box2 192 124 98
105 88.0 35.0 -3 109 170 90 78 0 Box3 147 73 155
107 42.2 48.5 0 0 1236 0 0 0 None None None None
