0 40.0 50.0 0 0 1236 0 0 0 None None None None
5 42.0 65.0 5 0 1130 90 0 9 Box5 167 83 95
7 40.0 66.0 4 0 1130 90 0 11 Box4 159 83 123
9 38.0 70.0 -5 534 605 90 5 0 Box5 167 83 95
11 35.0 69.0 -4 448 505 90 7 0 Box4 159 83 123
15 20.0 80.0 -1 384 429 90 18 0 Box3 123 75 90
18 15.0 75.0 1 179 254 90 0 15 Box3 123 75 90
28 23.0 55.0 4 546 593 0 0 103 Box5 167 83 95
45 30.0 30.0 -4 541 600 90 46 0 Box1 184 88 72
46 30.0 32.0 4 448 509 90 0 45 Box1 184 88 72
63 50.0 40.0 5 171 218 90 0 69 Box1 184 88 72
69 45.0 35.0 -5 916 969 90 63 0 Box1 184 88 72
71 95.0 35.0 4 293 360 90 0 77 Box1 184 88 72
77 88.0 30.0 -4 574 643 90 71 0 Box1 184 88 72
78 88.0 35.0 2 109 170 0 0 105 Box3 123 75 90
95 62.0 80.0 3 0 1108 90 0 100 Box2 213 79 73
100 55.0 85.0 -3 647 726 90 95 0 Box2 213 79 73
103 23.0 55.0 -4 546 593 90 28 0 Box5 167 83 95
105 88.0 35.0 -2 109 170 90 78 0 Box3 123 75 90
107 42.2 48.5 0 0 1236 0 0 0 None None None None
