0 40.0 50.0 0 0 1236 0 0 0 None None None None
6 40.0 69.0 -1 0 1127 90 11 0 Box2 174 117 116
11 35.0 69.0 1 448 505 90 0 6 Box2 174 117 116
31 10.0 35.0 3 0 1112 90 0 38 Box2 174 117 116
38 0.0 40.0 -3 479 522 90 31 0 Box2 174 117 116
40 35.0 30.0 2 0 1125 90 0 46 Box3 233 59 128
42 33.0 32.0 3 0 1126 90 0 52 Box2 174 117 116
44 32.0 30.0 1 359 412 90 0 48 Box3 233 59 128
46 30.0 32.0 -2 0 1125 90 40 0 Box3 233 59 128
48 28.0 30.0 -1 0 1122 90 44 0 Box3 233 59 128
49 28.0 35.0 -2 0 1126 90 50 0 Box3 233 59 128
50 26.0 32.0 2 0 1123 90 0 49 Box3 233 59 128
52 25.0 35.0 -3 0 1124 90 42 0 Box2 174 117 116
54 42.0 10.0 -1 0 1105 90 55 0 Box3 233 59 128
55 42.0 15.0 1 95 158 90 0 54 Box3 233 59 128
61 50.0 30.0 1 0 1123 90 0 66 Box3 233 59 128
64 48.0 30.0 -2 0 1124 90 72 0 Box2 174 117 116
66 47.0 35.0 -1 0 1129 90 61 0 Box3 233 59 128
67 47.0 40.0 3 12 77 90 0 68 Box2 174 117 116
68 45.0 30.0 -3 0 1125 90 67 0 Box2 174 117 116
72 53.0 30.0 2 0 1122 90 0 64 Box2 174 117 116
107 41.7 49.2 0 0 1236 0 0 0 None None None None
