0 40.0 50.0 0 0 1236 0 0 0 None None None None
3 42.0 66.0 2 0 1129 90 0 8 Box1 261 128 70
8 38.0 68.0 -2 255 324 90 3 0 Box1 261 128 70
14 22.0 85.0 1 0 1106 0 0 102 Box2 313 117 117
32 10.0 40.0 3 0 1114 90 0 37 Box2 313 117 117
37 2.0 40.0 -3 0 1106 90 32 0 Box2 313 117 117
70 95.0 30.0 -1 0 1087 90 78 0 Box1 261 128 70
78 88.0 35.0 1 0 1095 90 0 70 Box1 261 128 70
87 65.0 55.0 -2 85 144 90 90 0 Box1 261 128 70
90 60.0 55.0 2 0 1125 90 0 87 Box1 261 128 70
102 22.0 85.0 -1 0 1106 90 14 0 Box2 313 117 117
107 41.7 49.2 0 0 1236 0 0 0 None None None None
