0 40.0 50.0 0 0 1236 0 0 0 None None None None
5 42.0 65.0 2 0 1130 90 0 9 Box1 305 107 140
9 38.0 70.0 -2 534 605 90 5 0 Box1 305 107 140
15 20.0 80.0 -2 384 429 90 19 0 Box1 305 107 140
19 15.0 80.0 2 0 1106 90 0 15 Box1 305 107 140
33 8.0 40.0 1 0 1112 0 0 103 Box1 305 107 140
54 42.0 10.0 -3 0 1105 90 55 0 Box1 305 107 140
55 42.0 15.0 3 95 158 90 0 54 Box1 305 107 140
83 72.0 55.0 1 0 1113 90 0 88 Box1 305 107 140
88 65.0 60.0 -1 0 1119 90 83 0 Box1 305 107 140
92 67.0 85.0 1 368 441 0 0 104 Box1 305 107 140
103 8.0 40.0 -1 0 1112 90 33 0 Box1 305 107 140
104 67.0 85.0 -1 368 441 90 92 0 Box1 305 107 140
107 41.7 49.2 0 0 1236 0 0 0 None None None None
