0 40.0 50.0 0 0 1236 0 0 0 None None None None
5 42.0 65.0 4 0 1130 90 0 9 Box2 179 49 100
9 38.0 70.0 -4 534 605 90 5 0 Box2 179 49 100
15 20.0 80.0 -2 384 429 90 19 0 Box1 200 87 101
19 15.0 80.0 2 0 1106 90 0 15 Box1 200 87 101
33 8.0 40.0 1 0 1112 0 0 103 Box1 200 87 101
54 42.0 10.0 -4 0 1105 90 55 0 Box3 164 90 108
55 42.0 15.0 4 95 158 90 0 54 Box3 164 90 108
83 72.0 55.0 1 0 1113 90 0 88 Box1 200 87 101
88 65.0 60.0 -1 0 1119 90 83 0 Box1 200 87 101
92 67.0 85.0 2 368 441 0 0 104 Box2 179 49 100
103 8.0 40.0 -1 0 1112 90 33 0 Box1 200 87 101
104 67.0 85.0 -2 368 441 90 92 0 Box2 179 49 100
107 41.7 49.2 0 0 1236 0 0 0 None None None None
