0 40.0 50.0 0 0 1236 0 0 0 None None None None
14 22.0 85.0 3 0 1106 0 0 102 Box2 128 86 136
24 25.0 50.0 3 0 1131 0 0 101 Box1 145 110 205
44 32.0 30.0 2 359 412 90 0 48 Box2 128 86 136
47 30.0 35.0 1 0 1127 0 0 105 Box1 145 110 205
48 28.0 30.0 -2 0 1122 90 44 0 Box2 128 86 136
62 50.0 35.0 2 262 317 90 0 69 Box1 145 110 205
65 48.0 40.0 1 0 1133 90 0 74 Box1 145 110 205
69 45.0 35.0 -2 916 969 90 62 0 Box1 145 110 205
74 53.0 35.0 -1 353 412 90 65 0 Box1 145 110 205
83 72.0 55.0 3 0 1113 90 0 88 Box1 145 110 205
88 65.0 60.0 -3 0 1119 90 83 0 Box1 145 110 205
101 25.0 50.0 -3 0 1131 90 24 0 Box1 145 110 205
102 22.0 85.0 -3 0 1106 90 14 0 Box2 128 86 136
105 30.0 35.0 -1 0 1127 90 47 0 Box1 145 110 205
107 41.7 49.2 0 0 1236 0 0 0 None None None None
