0 40.0 50.0 0 0 1236 0 0 0 None None None None
3 42.0 66.0 3 0 1129 90 0 8 Box1 178 54 126
8 38.0 68.0 -3 255 324 90 3 0 Box1 178 54 126
10 35.0 66.0 -5 0 1129 90 12 0 Box1 178 54 126
12 25.0 85.0 5 0 1107 90 0 10 Box1 178 54 126
31 10.0 35.0 4 0 1112 90 0 38 Box1 178 54 126
32 10.0 40.0 1 0 1114 90 0 37 Box1 178 54 126
35 5.0 35.0 2 0 1107 90 0 39 Box1 178 54 126
37 2.0 40.0 -1 0 1106 90 32 0 Box1 178 54 126
38 0.0 40.0 -4 479 522 90 31 0 Box1 178 54 126
39 0.0 45.0 -2 0 1105 90 35 0 Box1 178 54 126
40 35.0 30.0 1 0 1125 90 0 46 Box1 178 54 126
46 30.0 32.0 -1 0 1125 90 40 0 Box1 178 54 126
47 30.0 35.0 2 0 1127 0 0 105 Box1 178 54 126
58 38.0 5.0 2 471 534 90 0 60 Box1 178 54 126
60 35.0 5.0 -2 0 1100 90 58 0 Box1 178 54 126
105 30.0 35.0 -2 0 1127 90 47 0 Box1 178 54 126
107 41.7 49.2 0 0 1236 0 0 0 None None None None
