0 40.0 50.0 0 0 1236 0 0 0 None None None None
3 42.0 66.0 2 0 1129 90 0 8 Box2 218 51 115
8 38.0 68.0 -2 255 324 90 3 0 Box2 218 51 115
10 35.0 66.0 -1 0 1129 90 12 0 Box2 218 51 115
12 25.0 85.0 1 0 1107 90 0 10 Box2 218 51 115
31 10.0 35.0 1 0 1112 90 0 38 Box2 218 51 115
32 10.0 40.0 3 0 1114 90 0 37 Box2 218 51 115
35 5.0 35.0 1 0 1107 90 0 39 Box1 205 120 114
37 2.0 40.0 -3 0 1106 90 32 0 Box2 218 51 115
38 0.0 40.0 -1 479 522 90 31 0 Box2 218 51 115
39 0.0 45.0 -1 0 1105 90 35 0 Box1 205 120 114
40 35.0 30.0 3 0 1125 90 0 46 Box2 218 51 115
46 30.0 32.0 -3 0 1125 90 40 0 Box2 218 51 115
47 30.0 35.0 3 0 1127 0 0 105 Box2 218 51 115
58 38.0 5.0 2 471 534 90 0 60 Box1 205 120 114
60 35.0 5.0 -2 0 1100 90 58 0 Box1 205 120 114
105 30.0 35.0 -3 0 1127 90 47 0 Box2 218 51 115
107 41.7 49.2 0 0 1236 0 0 0 None None None None
