0 40.0 50.0 0 0 1236 0 0 0 None None None None
5 42.0 65.0 2 0 1130 90 0 9 Box1 200 134 95
6 40.0 69.0 -3 0 1127 90 11 0 Box3 147 73 155
9 38.0 70.0 -2 534 605 90 5 0 Box1 200 134 95
11 35.0 69.0 3 448 505 90 0 6 Box3 147 73 155
15 20.0 80.0 -3 384 429 90 19 0 Box1 200 134 95
19 15.0 80.0 3 0 1106 90 0 15 Box1 200 134 95
23 28.0 55.0 -3 732 777 90 28 0 Box2 192 124 98
28 23.0 55.0 3 0 1128 90 0 23 Box2 192 124 98
45 30.0 30.0 2 0 1123 90 0 51 Box3 147 73 155
51 25.0 30.0 -2 0 1121 90 45 0 Box3 147 73 155
62 50.0 35.0 3 262 317 90 0 69 Box3 147 73 155
69 45.0 35.0 -3 916 969 90 62 0 Box3 147 73 155
70 95.0 30.0 -3 0 1087 90 78 0 Box3 147 73 155
75 45.0 65.0 2 0 1130 0 0 106 Box1 200 134 95
78 88.0 35.0 3 0 1095 90 0 70 Box3 147 73 155
94 65.0 82.0 1 0 1105 90 0 99 Box3 147 73 155
99 55.0 80.0 -1 743 820 90 94 0 Box3 147 73 155
106 45.0 65.0 -2 0 1130 90 75 0 Box1 200 134 95
107 41.7 49.2 0 0 1236 0 0 0 None None None None
