0 40.0 50.0 0 0 1236 0 0 0 None None None None
5 42.0 65.0 5 0 1130 90 0 9 Box5 167 83 95
6 40.0 69.0 -4 0 1127 90 11 0 Box4 159 83 123
9 38.0 70.0 -5 534 605 90 5 0 Box5 167 83 95
11 35.0 69.0 4 448 505 90 0 6 Box4 159 83 123
15 20.0 80.0 -1 384 429 90 19 0 Box3 123 75 90
19 15.0 80.0 1 0 1106 90 0 15 Box3 123 75 90
23 28.0 55.0 -4 732 777 90 28 0 Box5 167 83 95
28 23.0 55.0 4 0 1128 90 0 23 Box5 167 83 95
45 30.0 30.0 4 0 1123 90 0 51 Box1 184 88 72
51 25.0 30.0 -4 0 1121 90 45 0 Box1 184 88 72
62 50.0 35.0 5 262 317 90 0 69 Box1 184 88 72
69 45.0 35.0 -5 916 969 90 62 0 Box1 184 88 72
70 95.0 30.0 -2 0 1087 90 78 0 Box3 123 75 90
75 45.0 65.0 4 0 1130 0 0 106 Box1 184 88 72
78 88.0 35.0 2 0 1095 90 0 70 Box3 123 75 90
94 65.0 82.0 3 0 1105 90 0 99 Box2 213 79 73
99 55.0 80.0 -3 743 820 90 94 0 Box2 213 79 73
106 45.0 65.0 -4 0 1130 90 75 0 Box1 184 88 72
107 41.7 49.2 0 0 1236 0 0 0 None None None None
