0 16.5 48.2 0 0 72000 0 0 0 None None None None
7 20.5 44.8 1 4100 6500 0 0 57 Box2 174 117 116
19 27.9 43.6 3 18200 25400 0 0 69 Box2 174 117 116
24 22.9 44.0 2 38200 40600 0 0 74 Box3 233 59 128
25 27.9 43.6 3 6900 14100 0 0 75 Box2 174 117 116
27 21.3 49.0 1 9000 16200 0 0 77 Box3 233 59 128
30 19.1 48.7 2 14900 26900 0 0 80 Box3 233 59 128
32 21.9 43.3 1 8700 20700 0 0 82 Box3 233 59 128
35 18.1 48.3 1 2200 14200 0 0 85 Box3 233 59 128
38 14.3 48.3 3 32800 35200 0 0 88 Box2 174 117 116
39 19.6 46.1 2 5000 12200 0 0 89 Box2 174 117 116
57 22.9 44.0 -1 24100 26500 0 7 0 Box2 174 117 116
69 24.6 43.4 -3 32600 39800 0 19 0 Box2 174 117 116
74 26.9 46.6 -2 41800 49000 0 24 0 Box3 233 59 128
75 21.3 49.0 -3 10600 13000 0 25 0 Box2 174 117 116
77 18.5 47.2 -1 14000 21200 0 27 0 Box3 233 59 128
80 21.3 48.7 -2 35500 47500 0 30 0 Box3 233 59 128
82 20.5 44.8 -1 28700 35900 0 32 0 Box3 233 59 128
85 15.6 48.4 -1 32700 44700 0 35 0 Box3 233 59 128
88 26.9 46.6 -3 35400 47400 0 38 0 Box2 174 117 116
89 16.4 48.2 -2 23100 25500 0 39 0 Box2 174 117 116
108 20.4 46.3 0 0 72000 0 0 0 None None None None
