0 16.5 48.2 0 0 72000 0 0 0 None None None None
7 20.5 44.8 4 4100 6500 0 0 57 Box3 215 84 70
19 27.9 43.6 1 18200 25400 0 0 69 Box3 215 84 70
24 22.9 44.0 2 38200 40600 0 0 74 Box1 193 87 116
25 27.9 43.6 5 6900 14100 0 0 75 Box2 234 49 135
27 21.3 49.0 5 9000 16200 0 0 77 Box4 217 64 99
30 19.1 48.7 1 14900 26900 0 0 80 Box2 234 49 135
32 21.9 43.3 5 8700 20700 0 0 82 Box3 215 84 70
35 18.1 48.3 5 2200 14200 0 0 85 Box3 215 84 70
38 14.3 48.3 3 32800 35200 0 0 88 Box3 215 84 70
39 19.6 46.1 2 5000 12200 0 0 89 Box2 234 49 135
57 22.9 44.0 -4 24100 26500 0 7 0 Box3 215 84 70
69 24.6 43.4 -1 32600 39800 0 19 0 Box3 215 84 70
74 26.9 46.6 -2 41800 49000 0 24 0 Box1 193 87 116
75 21.3 49.0 -5 10600 13000 0 25 0 Box2 234 49 135
77 18.5 47.2 -5 14000 21200 0 27 0 Box4 217 64 99
80 21.3 48.7 -1 35500 47500 0 30 0 Box2 234 49 135
82 20.5 44.8 -5 28700 35900 0 32 0 Box3 215 84 70
85 15.6 48.4 -5 32700 44700 0 35 0 Box3 215 84 70
88 26.9 46.6 -3 35400 47400 0 38 0 Box3 215 84 70
89 16.4 48.2 -2 23100 25500 0 39 0 Box2 234 49 135
108 20.4 46.3 0 0 72000 0 0 0 None None None None
