0 16.5 48.2 0 0 72000 0 0 0 None None None None
4 20.1 46.2 5 8300 15500 0 0 54 Box1 146 85 117
10 28.6 44.2 2 27300 29700 0 0 60 Box1 146 85 117
20 19.8 45.2 2 34500 41700 0 0 70 Box2 227 53 99
43 21.8 47.9 1 27800 30200 0 0 93 Box1 146 85 117
50 27.9 43.6 5 6900 14100 0 0 100 Box1 146 85 117
54 16.7 47.3 -5 19100 21500 0 4 0 Box1 146 85 117
60 19.6 47.0 -2 46600 58600 0 10 0 Box1 146 85 117
70 17.6 48.4 -2 47000 54200 0 20 0 Box2 227 53 99
93 23.1 42.0 -1 50400 52800 0 43 0 Box1 146 85 117
100 14.3 48.3 -5 11000 13400 0 50 0 Box1 146 85 117
108 20.4 46.3 0 0 72000 0 0 0 None None None None
