0 16.5 48.2 0 0 72000 0 0 0 None None None None
5 19.8 45.2 5 35700 47700 0 0 55 Box1 174 73 71
12 17.6 48.4 1 34000 41200 0 0 62 Box1 174 73 71
21 20.1 46.2 5 1000 13000 0 0 71 Box1 174 73 71
26 19.6 46.1 2 12300 19500 0 0 76 Box1 174 73 71
32 21.9 43.3 1 8700 20700 0 0 82 Box1 174 73 71
47 23.1 42.0 4 13700 25700 0 0 97 Box1 174 73 71
55 15.4 47.1 -5 38000 50000 0 5 0 Box1 174 73 71
62 23.1 42.0 -1 51300 53700 0 12 0 Box1 174 73 71
71 14.3 46.6 -5 3800 6200 0 21 0 Box1 174 73 71
76 14.9 48.1 -2 35000 42200 0 26 0 Box1 174 73 71
82 20.5 44.8 -1 28700 35900 0 32 0 Box1 174 73 71
97 24.7 42.1 -4 46500 58500 0 47 0 Box1 174 73 71
108 20.4 46.3 0 0 72000 0 0 0 None None None None
