0 16.5 48.2 0 0 72000 0 0 0 None None None None
10 28.6 44.2 1 27300 29700 0 0 60 Box1 154 60 109
14 16.2 48.0 5 3000 5400 0 0 64 Box1 154 60 109
27 21.3 49.0 3 9000 16200 0 0 77 Box1 154 60 109
29 21.9 43.3 4 30900 38100 0 0 79 Box2 132 86 118
36 15.4 47.1 3 38000 40400 0 0 86 Box2 132 86 118
37 25.6 43.1 1 20500 27700 0 0 87 Box2 132 86 118
47 23.1 42.0 3 13700 25700 0 0 97 Box2 132 86 118
60 19.6 47.0 -1 46600 58600 0 10 0 Box1 154 60 109
64 20.1 46.2 -5 7800 10200 0 14 0 Box1 154 60 109
77 18.5 47.2 -3 14000 21200 0 27 0 Box1 154 60 109
79 26.9 46.6 -4 45500 52700 0 29 0 Box2 132 86 118
86 14.0 48.1 -3 51900 63900 0 36 0 Box2 132 86 118
87 16.4 48.2 -1 28700 35900 0 37 0 Box2 132 86 118
97 24.7 42.1 -3 46500 58500 0 47 0 Box2 132 86 118
108 20.4 46.3 0 0 72000 0 0 0 None None None None
