0 16.5 48.2 0 0 72000 0 0 0 None None None None
10 28.6 44.2 3 27300 29700 0 0 60 Box2 128 86 136
14 16.2 48.0 3 3000 5400 0 0 64 Box1 145 110 205
27 21.3 49.0 2 9000 16200 0 0 77 Box2 128 86 136
29 21.9 43.3 1 30900 38100 0 0 79 Box1 145 110 205
36 15.4 47.1 2 38000 40400 0 0 86 Box1 145 110 205
37 25.6 43.1 1 20500 27700 0 0 87 Box1 145 110 205
47 23.1 42.0 3 13700 25700 0 0 97 Box1 145 110 205
60 19.6 47.0 -3 46600 58600 0 10 0 Box2 128 86 136
64 20.1 46.2 -3 7800 10200 0 14 0 Box1 145 110 205
77 18.5 47.2 -2 14000 21200 0 27 0 Box2 128 86 136
79 26.9 46.6 -1 45500 52700 0 29 0 Box1 145 110 205
86 14.0 48.1 -2 51900 63900 0 36 0 Box1 145 110 205
87 16.4 48.2 -1 28700 35900 0 37 0 Box1 145 110 205
97 24.7 42.1 -3 46500 58500 0 47 0 Box1 145 110 205
108 20.4 46.3 0 0 72000 0 0 0 None None None None
