0 16.5 48.2 0 0 72000 0 0 0 None None None None
4 20.1 46.2 3 8300 15500 0 0 54 Box1 178 54 126
8 23.1 42.0 5 35000 42200 0 0 58 Box1 178 54 126
19 27.9 43.6 4 18200 25400 0 0 69 Box1 178 54 126
20 19.8 45.2 1 34500 41700 0 0 70 Box1 178 54 126
22 25.6 45.7 2 23500 30700 0 0 72 Box1 178 54 126
24 22.9 44.0 1 38200 40600 0 0 74 Box1 178 54 126
29 21.9 43.3 2 30900 38100 0 0 79 Box1 178 54 126
34 18.2 48.0 2 25300 27700 0 0 84 Box1 178 54 126
54 16.7 47.3 -3 19100 21500 0 4 0 Box1 178 54 126
58 17.3 48.3 -5 46600 58600 0 8 0 Box1 178 54 126
69 24.6 43.4 -4 32600 39800 0 19 0 Box1 178 54 126
70 17.6 48.4 -1 47000 54200 0 20 0 Box1 178 54 126
72 14.0 48.1 -2 54700 57100 0 22 0 Box1 178 54 126
74 26.9 46.6 -1 41800 49000 0 24 0 Box1 178 54 126
79 26.9 46.6 -2 45500 52700 0 29 0 Box1 178 54 126
84 21.6 47.5 -2 58100 60500 0 34 0 Box1 178 54 126
108 20.4 46.3 0 0 72000 0 0 0 None None None None
