0 16.5 48.2 0 0 72000 0 0 0 None None None None
4 20.1 46.2 2 8300 15500 0 0 54 Box2 218 51 115
8 23.1 42.0 1 35000 42200 0 0 58 Box2 218 51 115
19 27.9 43.6 1 18200 25400 0 0 69 Box2 218 51 115
20 19.8 45.2 3 34500 41700 0 0 70 Box2 218 51 115
22 25.6 45.7 1 23500 30700 0 0 72 Box1 205 120 114
24 22.9 44.0 3 38200 40600 0 0 74 Box2 218 51 115
29 21.9 43.3 3 30900 38100 0 0 79 Box2 218 51 115
34 18.2 48.0 2 25300 27700 0 0 84 Box1 205 120 114
54 16.7 47.3 -2 19100 21500 0 4 0 Box2 218 51 115
58 17.3 48.3 -1 46600 58600 0 8 0 Box2 218 51 115
69 24.6 43.4 -1 32600 39800 0 19 0 Box2 218 51 115
70 17.6 48.4 -3 47000 54200 0 20 0 Box2 218 51 115
72 14.0 48.1 -1 54700 57100 0 22 0 Box1 205 120 114
74 26.9 46.6 -3 41800 49000 0 24 0 Box2 218 51 115
79 26.9 46.6 -3 45500 52700 0 29 0 Box2 218 51 115
84 21.6 47.5 -2 58100 60500 0 34 0 Box1 205 120 114
108 20.4 46.3 0 0 72000 0 0 0 None None None None
