0 16.5 48.2 0 0 72000 0 0 0 None None None None
5 19.8 45.2 5 35700 47700 0 0 55 Box5 167 83 95
7 20.5 44.8 4 4100 6500 0 0 57 Box4 159 83 123
12 17.6 48.4 1 34000 41200 0 0 62 Box3 123 75 90
17 19.6 47.0 4 11400 18600 0 0 67 Box5 167 83 95
28 20.8 48.1 4 15800 27800 0 0 78 Box1 184 88 72
36 15.4 47.1 5 38000 40400 0 0 86 Box1 184 88 72
40 21.9 45.3 4 32800 40000 0 0 90 Box1 184 88 72
43 21.8 47.9 2 27800 30200 0 0 93 Box3 123 75 90
49 20.5 44.8 3 15600 22800 0 0 99 Box2 213 79 73
55 15.4 47.1 -5 38000 50000 0 5 0 Box5 167 83 95
57 22.9 44.0 -4 24100 26500 0 7 0 Box4 159 83 123
62 23.1 42.0 -1 51300 53700 0 12 0 Box3 123 75 90
67 28.0 45.4 -4 38500 40900 0 17 0 Box5 167 83 95
78 18.2 48.0 -4 26700 33900 0 28 0 Box1 184 88 72
86 14.0 48.1 -5 51900 63900 0 36 0 Box1 184 88 72
90 20.9 44.0 -4 53300 55700 0 40 0 Box1 184 88 72
93 23.1 42.0 -2 50400 52800 0 43 0 Box3 123 75 90
99 26.9 46.6 -3 56000 63200 0 49 0 Box2 213 79 73
108 20.4 46.3 0 0 72000 0 0 0 None None None None
