0 16.5 48.2 0 0 72000 0 0 0 None None None None
5 19.8 45.2 2 35700 47700 0 0 55 Box1 200 134 95
7 20.5 44.8 3 4100 6500 0 0 57 Box3 147 73 155
12 17.6 48.4 3 34000 41200 0 0 62 Box1 200 134 95
17 19.6 47.0 3 11400 18600 0 0 67 Box2 192 124 98
28 20.8 48.1 2 15800 27800 0 0 78 Box3 147 73 155
36 15.4 47.1 3 38000 40400 0 0 86 Box3 147 73 155
40 21.9 45.3 2 32800 40000 0 0 90 Box1 200 134 95
43 21.8 47.9 3 27800 30200 0 0 93 Box3 147 73 155
49 20.5 44.8 1 15600 22800 0 0 99 Box3 147 73 155
55 15.4 47.1 -2 38000 50000 0 5 0 Box1 200 134 95
57 22.9 44.0 -3 24100 26500 0 7 0 Box3 147 73 155
62 23.1 42.0 -3 51300 53700 0 12 0 Box1 200 134 95
67 28.0 45.4 -3 38500 40900 0 17 0 Box2 192 124 98
78 18.2 48.0 -2 26700 33900 0 28 0 Box3 147 73 155
86 14.0 48.1 -3 51900 63900 0 36 0 Box3 147 73 155
90 20.9 44.0 -2 53300 55700 0 40 0 Box1 200 134 95
93 23.1 42.0 -3 50400 52800 0 43 0 Box3 147 73 155
99 26.9 46.6 -1 56000 63200 0 49 0 Box3 147 73 155
108 20.4 46.3 0 0 72000 0 0 0 None None None None
