0 17.1 48.1 0 0 72000 0 0 0 None None None None
11 27.9 43.6 1 1500 3900 0 0 111 Box2 174 117 116
35 18.7 49.2 3 32000 34400 0 0 135 Box2 174 117 116
46 19.6 46.1 2 3000 5400 0 0 146 Box3 233 59 128
48 11.4 47.3 3 20700 27900 0 0 148 Box2 174 117 116
52 25.6 43.1 1 57100 69100 0 0 152 Box3 233 59 128
58 26.9 46.6 2 40200 52200 0 0 158 Box3 233 59 128
61 18.2 48.0 1 13300 20500 0 0 161 Box3 233 59 128
68 20.8 48.1 1 2600 14600 0 0 168 Box3 233 59 128
73 18.2 48.0 3 36900 39300 0 0 173 Box2 174 117 116
76 16.7 47.3 2 46800 54000 0 0 176 Box2 174 117 116
111 22.9 44.0 -1 6100 13300 0 11 0 Box2 174 117 116
135 26.0 43.8 -3 37300 44500 0 35 0 Box2 174 117 116
146 27.5 42.5 -2 11900 23900 0 46 0 Box3 233 59 128
148 16.4 48.2 -3 24800 32000 0 48 0 Box2 174 117 116
152 16.7 47.3 -1 58800 61200 0 52 0 Box3 233 59 128
158 18.2 46.0 -2 57100 59500 0 58 0 Box3 233 59 128
161 19.8 45.2 -1 56200 63400 0 61 0 Box3 233 59 128
168 28.0 45.4 -1 19200 31200 0 68 0 Box3 233 59 128
173 20.1 46.2 -3 40500 47700 0 73 0 Box2 174 117 116
176 15.6 48.4 -2 54100 56500 0 76 0 Box2 174 117 116
208 21.0 46.4 0 0 72000 0 0 0 None None None None
