0 17.1 48.1 0 0 72000 0 0 0 None None None None
6 23.3 42.7 2 24400 36400 0 0 106 Box1 261 128 70
17 27.5 42.5 1 44900 56900 0 0 117 Box2 313 117 117
38 18.1 48.3 3 37000 44200 0 0 138 Box2 313 117 117
84 25.9 43.9 1 7800 19800 0 0 184 Box1 261 128 70
97 27.9 43.6 2 3900 11100 0 0 197 Box1 261 128 70
106 19.1 48.6 -2 40700 52700 0 6 0 Box1 261 128 70
117 26.9 46.6 -1 46900 58900 0 17 0 Box2 313 117 117
138 17.3 48.3 -3 52200 59400 0 38 0 Box2 313 117 117
184 14.3 46.6 -1 13900 25900 0 84 0 Box1 261 128 70
197 26.9 46.6 -2 4600 7000 0 97 0 Box1 261 128 70
208 21.0 46.4 0 0 72000 0 0 0 None None None None
