0 17.1 48.1 0 0 72000 0 0 0 None None None None
7 28.6 44.2 2 40200 42600 0 0 107 Box1 305 107 140
21 20.8 48.1 2 5800 17800 0 0 121 Box1 305 107 140
39 20.5 44.8 1 48400 55600 0 0 139 Box1 305 107 140
62 26.9 46.6 3 3900 6300 0 0 162 Box1 305 107 140
92 26.9 46.6 1 4200 16200 0 0 192 Box1 305 107 140
100 20.9 44.0 1 17000 24200 0 0 200 Box1 305 107 140
107 20.9 44.0 -2 56900 59300 0 7 0 Box1 305 107 140
121 23.3 42.7 -2 10100 22100 0 21 0 Box1 305 107 140
139 19.8 45.2 -1 51700 54100 0 39 0 Box1 305 107 140
162 14.3 48.3 -3 4700 16700 0 62 0 Box1 305 107 140
192 17.6 48.4 -1 14100 16500 0 92 0 Box1 305 107 140
200 18.2 46.0 -1 21400 23800 0 100 0 Box1 305 107 140
208 21.0 46.4 0 0 72000 0 0 0 None None None None
