0 17.1 48.1 0 0 72000 0 0 0 None None None None
17 27.5 42.5 1 44900 56900 0 0 117 Box1 154 60 109
25 21.8 47.9 5 37200 49200 0 0 125 Box1 154 60 109
51 17.7 47.7 3 23600 35600 0 0 151 Box1 154 60 109
55 19.1 47.4 4 12000 14400 0 0 155 Box2 132 86 118
69 19.1 48.6 3 2800 14800 0 0 169 Box2 132 86 118
72 16.7 47.3 1 16600 19000 0 0 172 Box2 132 86 118
92 26.9 46.6 3 4200 16200 0 0 192 Box2 132 86 118
117 26.9 46.6 -1 46900 58900 0 17 0 Box1 154 60 109
125 14.0 48.1 -5 53800 65800 0 25 0 Box1 154 60 109
151 18.5 47.2 -3 49200 56400 0 51 0 Box1 154 60 109
155 16.2 48.0 -4 26400 33600 0 55 0 Box2 132 86 118
169 24.7 42.1 -3 41300 48500 0 69 0 Box2 132 86 118
172 18.7 49.2 -1 40700 52700 0 72 0 Box2 132 86 118
192 17.6 48.4 -3 14100 16500 0 92 0 Box2 132 86 118
208 21.0 46.4 0 0 72000 0 0 0 None None None None
