0 17.1 48.1 0 0 72000 0 0 0 None None None None
5 17.3 48.3 2 35100 47100 0 0 105 Box2 218 51 115
13 23.3 42.7 1 4300 6700 0 0 113 Box2 218 51 115
35 18.7 49.2 1 32000 34400 0 0 135 Box2 218 51 115
37 16.7 47.3 3 2000 14000 0 0 137 Box2 218 51 115
41 27.9 43.2 1 15300 17700 0 0 141 Box1 205 120 114
46 19.6 46.1 3 3000 5400 0 0 146 Box2 218 51 115
56 20.1 46.2 3 39300 46500 0 0 156 Box2 218 51 115
65 19.6 46.1 2 10000 22000 0 0 165 Box1 205 120 114
105 22.9 44.0 -2 36400 43600 0 5 0 Box2 218 51 115
113 26.9 46.6 -1 35800 47800 0 13 0 Box2 218 51 115
135 26.0 43.8 -1 37300 44500 0 35 0 Box2 218 51 115
137 19.8 45.2 -3 6000 18000 0 37 0 Box2 218 51 115
141 26.3 47.7 -1 18700 21100 0 41 0 Box1 205 120 114
146 27.5 42.5 -3 11900 23900 0 46 0 Box2 218 51 115
156 19.8 45.2 -3 58100 70100 0 56 0 Box2 218 51 115
165 27.9 43.6 -2 52100 59300 0 65 0 Box1 205 120 114
208 21.0 46.4 0 0 72000 0 0 0 None None None None
