0 17.1 48.1 0 0 72000 0 0 0 None None None None
5 17.3 48.3 3 35100 47100 0 0 105 Box1 178 54 126
13 23.3 42.7 5 4300 6700 0 0 113 Box1 178 54 126
35 18.7 49.2 4 32000 34400 0 0 135 Box1 178 54 126
37 16.7 47.3 1 2000 14000 0 0 137 Box1 178 54 126
41 27.9 43.2 2 15300 17700 0 0 141 Box1 178 54 126
46 19.6 46.1 1 3000 5400 0 0 146 Box1 178 54 126
56 20.1 46.2 2 39300 46500 0 0 156 Box1 178 54 126
65 19.6 46.1 2 10000 22000 0 0 165 Box1 178 54 126
105 22.9 44.0 -3 36400 43600 0 5 0 Box1 178 54 126
113 26.9 46.6 -5 35800 47800 0 13 0 Box1 178 54 126
135 26.0 43.8 -4 37300 44500 0 35 0 Box1 178 54 126
137 19.8 45.2 -1 6000 18000 0 37 0 Box1 178 54 126
141 26.3 47.7 -2 18700 21100 0 41 0 Box1 178 54 126
146 27.5 42.5 -1 11900 23900 0 46 0 Box1 178 54 126
156 19.8 45.2 -2 58100 70100 0 56 0 Box1 178 54 126
165 27.9 43.6 -2 52100 59300 0 65 0 Box1 178 54 126
208 21.0 46.4 0 0 72000 0 0 0 None None None None
