0 17.1 48.1 0 0 72000 0 0 0 None None None None
8 19.1 48.6 1 37400 49400 0 0 108 Box5 236 72 80
12 14.3 48.3 1 9100 16300 0 0 112 Box4 236 94 76
22 24.6 43.4 3 17300 29300 0 0 122 Box5 236 72 80
32 26.9 46.6 5 5400 17400 0 0 132 Box3 136 94 106
54 19.1 48.7 5 900 12900 0 0 154 Box4 236 94 76
69 19.1 48.6 1 2800 14800 0 0 169 Box2 158 89 129
77 21.3 48.7 5 7700 14900 0 0 177 Box1 233 50 74
78 14.0 48.1 2 9400 11800 0 0 178 Box4 236 94 76
84 25.9 43.9 3 7800 19800 0 0 184 Box4 236 94 76
108 26.9 46.6 -1 40900 43300 0 8 0 Box5 236 72 80
112 28.0 45.4 -1 39200 41600 0 12 0 Box4 236 94 76
122 28.0 45.4 -3 22900 30100 0 22 0 Box5 236 72 80
132 28.6 44.2 -5 12100 24100 0 32 0 Box3 136 94 106
154 23.6 46.0 -5 2500 14500 0 54 0 Box4 236 94 76
169 24.7 42.1 -1 41300 48500 0 69 0 Box2 158 89 129
177 22.9 44.0 -5 38900 50900 0 77 0 Box1 233 50 74
178 19.1 48.6 -2 22800 34800 0 78 0 Box4 236 94 76
184 14.3 46.6 -3 13900 25900 0 84 0 Box4 236 94 76
208 21.0 46.4 0 0 72000 0 0 0 None None None None
