0 17.1 48.1 0 0 72000 0 0 0 None None None None
8 19.1 48.6 1 37400 49400 0 0 108 Box2 205 125 186
12 14.3 48.3 3 9100 16300 0 0 112 Box1 230 88 123
22 24.6 43.4 1 17300 29300 0 0 122 Box2 205 125 186
32 26.9 46.6 2 5400 17400 0 0 132 Box1 230 88 123
54 19.1 48.7 1 900 12900 0 0 154 Box2 205 125 186
69 19.1 48.6 1 2800 14800 0 0 169 Box1 230 88 123
77 21.3 48.7 1 7700 14900 0 0 177 Box2 205 125 186
78 14.0 48.1 3 9400 11800 0 0 178 Box2 205 125 186
84 25.9 43.9 3 7800 19800 0 0 184 Box1 230 88 123
108 26.9 46.6 -1 40900 43300 0 8 0 Box2 205 125 186
112 28.0 45.4 -3 39200 41600 0 12 0 Box1 230 88 123
122 28.0 45.4 -1 22900 30100 0 22 0 Box2 205 125 186
132 28.6 44.2 -2 12100 24100 0 32 0 Box1 230 88 123
154 23.6 46.0 -1 2500 14500 0 54 0 Box2 205 125 186
169 24.7 42.1 -1 41300 48500 0 69 0 Box1 230 88 123
177 22.9 44.0 -1 38900 50900 0 77 0 Box2 205 125 186
178 19.1 48.6 -3 22800 34800 0 78 0 Box2 205 125 186
184 14.3 46.6 -3 13900 25900 0 84 0 Box1 230 88 123
208 21.0 46.4 0 0 72000 0 0 0 None None None None
