0 14.3 48.3 0 0 72000 0 0 0 None None None None
11 18.5 47.2 3 7500 9900 0 0 86 Box3 177 75 134
35 24.6 43.4 1 18600 25800 0 0 110 Box3 177 75 134
46 19.8 45.2 2 15500 17900 0 0 121 Box1 124 69 71
48 21.8 47.9 5 11400 13800 0 0 123 Box1 124 69 71
52 15.4 47.1 5 34200 36600 0 0 127 Box4 227 76 86
53 20.8 48.1 3 8200 10600 0 0 128 Box5 182 66 137
58 18.1 48.3 3 32800 35200 0 0 133 Box5 182 66 137
61 26.0 43.8 2 40000 47200 0 0 136 Box2 132 61 137
68 27.5 42.5 5 12100 24100 0 0 143 Box3 177 75 134
73 16.4 48.2 5 100 12100 0 0 148 Box5 182 66 137
86 24.6 43.4 -3 48100 60100 0 11 0 Box3 177 75 134
110 23.1 42.0 -1 25100 32300 0 35 0 Box3 177 75 134
121 21.9 45.3 -2 18600 21000 0 46 0 Box1 124 69 71
123 18.7 49.2 -5 31000 33400 0 48 0 Box1 124 69 71
127 24.6 43.4 -5 48000 60000 0 52 0 Box4 227 76 86
128 20.9 44.0 -3 40700 47900 0 53 0 Box5 182 66 137
133 21.3 48.7 -3 59000 71000 0 58 0 Box5 182 66 137
136 18.5 47.2 -2 45600 57600 0 61 0 Box2 132 61 137
143 25.9 44.4 -5 23300 30500 0 68 0 Box3 177 75 134
148 20.9 44.0 -5 8300 15500 0 73 0 Box5 182 66 137
158 21.2 46.1 0 0 72000 0 0 0 None None None None
