0 14.3 48.3 0 0 72000 0 0 0 None None None None
6 19.8 45.2 2 5400 7800 0 0 81 Box1 314 49 182
17 26.0 43.8 1 31400 33800 0 0 92 Box2 287 82 91
31 19.6 46.1 1 24100 36100 0 0 106 Box2 287 82 91
34 18.2 48.0 3 5000 17000 0 0 109 Box2 287 82 91
38 14.3 46.6 2 22700 34700 0 0 113 Box1 314 49 182
81 21.9 43.3 -2 8700 11100 0 6 0 Box1 314 49 182
92 17.3 48.3 -1 39900 51900 0 17 0 Box2 287 82 91
106 18.2 46.0 -1 29200 41200 0 31 0 Box2 287 82 91
109 21.9 43.3 -3 8400 20400 0 34 0 Box2 287 82 91
113 14.0 48.1 -2 27400 29800 0 38 0 Box1 314 49 182
158 21.2 46.1 0 0 72000 0 0 0 None None None None
