0 14.3 48.3 0 0 72000 0 0 0 None None None None
7 20.9 44.0 2 10200 17400 0 0 82 Box1 131 54 201
15 21.9 45.3 2 2600 9800 0 0 90 Box1 131 54 201
21 15.6 48.4 3 9800 12200 0 0 96 Box1 131 54 201
39 27.9 43.6 1 11700 23700 0 0 114 Box1 131 54 201
50 25.6 45.7 3 2000 14000 0 0 125 Box1 131 54 201
62 20.1 46.2 1 17500 29500 0 0 137 Box1 131 54 201
82 21.8 47.9 -2 45400 52600 0 7 0 Box1 131 54 201
90 19.6 46.1 -2 23600 26000 0 15 0 Box1 131 54 201
96 23.6 46.0 -3 13100 25100 0 21 0 Box1 131 54 201
114 19.6 46.1 -1 21300 28500 0 39 0 Box1 131 54 201
125 14.0 48.1 -3 6900 9300 0 50 0 Box1 131 54 201
137 25.6 45.7 -1 45600 48000 0 62 0 Box1 131 54 201
158 21.2 46.1 0 0 72000 0 0 0 None None None None
