0 14.3 48.3 0 0 72000 0 0 0 None None None None
7 20.9 44.0 1 10200 17400 0 0 82 Box2 189 79 136
15 21.9 45.3 4 2600 9800 0 0 90 Box2 189 79 136
21 15.6 48.4 2 9800 12200 0 0 96 Box4 126 54 78
39 27.9 43.6 5 11700 23700 0 0 114 Box2 189 79 136
50 25.6 45.7 5 2000 14000 0 0 125 Box3 226 95 97
62 20.1 46.2 5 17500 29500 0 0 137 Box4 126 54 78
82 21.8 47.9 -1 45400 52600 0 7 0 Box2 189 79 136
90 19.6 46.1 -4 23600 26000 0 15 0 Box2 189 79 136
96 23.6 46.0 -2 13100 25100 0 21 0 Box4 126 54 78
114 19.6 46.1 -5 21300 28500 0 39 0 Box2 189 79 136
125 14.0 48.1 -5 6900 9300 0 50 0 Box3 226 95 97
137 25.6 45.7 -5 45600 48000 0 62 0 Box4 126 54 78
158 21.2 46.1 0 0 72000 0 0 0 None None None None
