0 14.3 48.3 0 0 72000 0 0 0 None None None None
17 26.0 43.8 3 31400 33800 0 0 92 Box1 145 110 205
25 27.9 43.2 3 15000 27000 0 0 100 Box2 128 86 136
31 19.6 46.1 2 24100 36100 0 0 106 Box2 128 86 136
51 25.9 43.9 3 12000 24000 0 0 126 Box1 145 110 205
55 19.6 46.1 1 300 7500 0 0 130 Box1 145 110 205
69 25.6 45.7 2 32200 44200 0 0 144 Box1 145 110 205
72 18.2 46.0 1 22700 25100 0 0 147 Box1 145 110 205
92 17.3 48.3 -3 39900 51900 0 17 0 Box1 145 110 205
100 19.1 47.4 -3 20400 32400 0 25 0 Box2 128 86 136
106 18.2 46.0 -2 29200 41200 0 31 0 Box2 128 86 136
126 18.5 47.2 -3 16800 28800 0 51 0 Box1 145 110 205
130 19.8 45.2 -1 23800 26200 0 55 0 Box1 145 110 205
144 25.9 44.4 -2 53800 65800 0 69 0 Box1 145 110 205
147 19.1 48.7 -1 43300 50500 0 72 0 Box1 145 110 205
158 21.2 46.1 0 0 72000 0 0 0 None None None None
