0 14.3 48.3 0 0 72000 0 0 0 None None None None
17 26.0 43.8 2 31400 33800 0 0 92 Box3 203 67 98
25 27.9 43.2 5 15000 27000 0 0 100 Box1 123 54 70
31 19.6 46.1 3 24100 36100 0 0 106 Box1 123 54 70
51 25.9 43.9 5 12000 24000 0 0 126 Box1 123 54 70
55 19.6 46.1 3 300 7500 0 0 130 Box3 203 67 98
69 25.6 45.7 1 32200 44200 0 0 144 Box2 138 74 139
72 18.2 46.0 3 22700 25100 0 0 147 Box2 138 74 139
92 17.3 48.3 -2 39900 51900 0 17 0 Box3 203 67 98
100 19.1 47.4 -5 20400 32400 0 25 0 Box1 123 54 70
106 18.2 46.0 -3 29200 41200 0 31 0 Box1 123 54 70
126 18.5 47.2 -5 16800 28800 0 51 0 Box1 123 54 70
130 19.8 45.2 -3 23800 26200 0 55 0 Box3 203 67 98
144 25.9 44.4 -1 53800 65800 0 69 0 Box2 138 74 139
147 19.1 48.7 -3 43300 50500 0 72 0 Box2 138 74 139
158 21.2 46.1 0 0 72000 0 0 0 None None None None
