0 14.3 48.3 0 0 72000 0 0 0 None None None None
5 19.6 46.1 3 38100 50100 0 0 80 Box1 178 54 126
13 26.9 46.6 5 5300 17300 0 0 88 Box1 178 54 126
35 24.6 43.4 4 18600 25800 0 0 110 Box1 178 54 126
37 18.2 46.0 1 26400 38400 0 0 112 Box1 178 54 126
41 20.8 48.1 2 10600 13000 0 0 116 Box1 178 54 126
46 19.8 45.2 1 15500 17900 0 0 121 Box1 178 54 126
56 15.6 48.4 2 9500 21500 0 0 131 Box1 178 54 126
65 19.6 46.1 2 33100 35500 0 0 140 Box1 178 54 126
80 14.3 46.6 -3 43300 55300 0 5 0 Box1 178 54 126
88 19.8 45.2 -5 11400 18600 0 13 0 Box1 178 54 126
110 23.1 42.0 -4 25100 32300 0 35 0 Box1 178 54 126
112 17.6 48.4 -1 51800 54200 0 37 0 Box1 178 54 126
116 20.9 44.0 -2 47100 49500 0 41 0 Box1 178 54 126
121 21.9 45.3 -1 18600 21000 0 46 0 Box1 178 54 126
131 18.2 48.0 -2 37100 44300 0 56 0 Box1 178 54 126
140 25.6 43.1 -2 42900 54900 0 65 0 Box1 178 54 126
158 21.2 46.1 0 0 72000 0 0 0 None None None None
