0 14.3 48.3 0 0 72000 0 0 0 None None None None
6 19.8 45.2 3 5400 7800 0 0 81 Box1 213 79 73
7 20.9 44.0 4 10200 17400 0 0 82 Box1 213 79 73
8 14.0 48.1 1 3600 6000 0 0 83 Box1 213 79 73
12 24.6 43.4 2 22600 34600 0 0 87 Box1 213 79 73
22 21.6 47.5 4 3800 6200 0 0 97 Box1 213 79 73
32 24.6 43.4 4 8600 15800 0 0 107 Box1 213 79 73
54 18.1 48.3 5 1100 13100 0 0 129 Box1 213 79 73
69 25.6 45.7 2 32200 44200 0 0 144 Box1 213 79 73
71 25.6 43.1 4 38000 45200 0 0 146 Box1 213 79 73
81 21.9 43.3 -3 8700 11100 0 6 0 Box1 213 79 73
82 21.8 47.9 -4 45400 52600 0 7 0 Box1 213 79 73
83 22.9 44.0 -1 6000 8400 0 8 0 Box1 213 79 73
87 19.1 47.4 -2 50300 52700 0 12 0 Box1 213 79 73
97 21.9 43.3 -4 11900 19100 0 22 0 Box1 213 79 73
107 19.8 45.2 -4 55000 62200 0 32 0 Box1 213 79 73
129 17.6 48.4 -5 4600 7000 0 54 0 Box1 213 79 73
144 25.9 44.4 -2 53800 65800 0 69 0 Box1 213 79 73
146 15.4 47.1 -4 54700 57100 0 71 0 Box1 213 79 73
158 21.2 46.1 0 0 72000 0 0 0 None None None None
