0 14.3 48.3 0 0 72000 0 0 0 None None None None
6 19.8 45.2 2 5400 7800 0 0 81 Box1 226 119 91
7 20.9 44.0 3 10200 17400 0 0 82 Box2 262 134 155
8 14.0 48.1 3 3600 6000 0 0 83 Box1 226 119 91
12 24.6 43.4 1 22600 34600 0 0 87 Box2 262 134 155
22 21.6 47.5 1 3800 6200 0 0 97 Box2 262 134 155
32 24.6 43.4 3 8600 15800 0 0 107 Box3 230 88 123
54 18.1 48.3 3 1100 13100 0 0 129 Box1 226 119 91
69 25.6 45.7 3 32200 44200 0 0 144 Box3 230 88 123
71 25.6 43.1 1 38000 45200 0 0 146 Box2 262 134 155
81 21.9 43.3 -2 8700 11100 0 6 0 Box1 226 119 91
82 21.8 47.9 -3 45400 52600 0 7 0 Box2 262 134 155
83 22.9 44.0 -3 6000 8400 0 8 0 Box1 226 119 91
87 19.1 47.4 -1 50300 52700 0 12 0 Box2 262 134 155
97 21.9 43.3 -1 11900 19100 0 22 0 Box2 262 134 155
107 19.8 45.2 -3 55000 62200 0 32 0 Box3 230 88 123
129 17.6 48.4 -3 4600 7000 0 54 0 Box1 226 119 91
144 25.9 44.4 -3 53800 65800 0 69 0 Box3 230 88 123
146 15.4 47.1 -1 54700 57100 0 71 0 Box2 262 134 155
158 21.2 46.1 0 0 72000 0 0 0 None None None None
