0 40.0 50.0 0 0 1236 0 0 0 None None None None
4 42.0 68.0 -1 703 806 90 8 0 Box2 174 117 116
8 38.0 68.0 1 250 329 90 0 4 Box2 174 117 116
31 10.0 35.0 3 204 233 90 0 34 Box2 174 117 116
34 8.0 45.0 -3 715 852 90 31 0 Box2 174 117 116
40 35.0 30.0 2 240 345 90 0 52 Box3 233 59 128
41 35.0 32.0 3 123 278 90 0 47 Box2 174 117 116
43 33.0 35.0 1 16 153 90 0 48 Box3 233 59 128
47 30.0 35.0 -3 872 1127 90 41 0 Box2 174 117 116
48 28.0 30.0 -1 599 726 90 43 0 Box3 233 59 128
50 26.0 32.0 2 779 916 0 0 101 Box3 233 59 128
52 25.0 35.0 -2 857 1024 90 40 0 Box3 233 59 128
54 42.0 10.0 1 96 347 90 0 59 Box3 233 59 128
59 38.0 15.0 -1 521 870 90 54 0 Box3 233 59 128
61 50.0 30.0 1 422 719 90 0 69 Box3 233 59 128
62 50.0 35.0 -2 217 362 90 67 0 Box2 174 117 116
66 47.0 35.0 3 794 907 0 0 103 Box2 174 117 116
67 47.0 40.0 2 12 226 90 0 62 Box2 174 117 116
69 45.0 35.0 -1 873 1012 90 61 0 Box3 233 59 128
101 26.0 32.0 -2 779 916 90 50 0 Box3 233 59 128
103 47.0 35.0 -3 794 907 90 66 0 Box2 174 117 116
107 42.2 48.5 0 0 1236 0 0 0 None None None None
