0 40.0 50.0 0 0 1236 0 0 0 None None None None
4 42.0 68.0 -4 703 806 90 8 0 Box3 215 84 70
8 38.0 68.0 4 250 329 90 0 4 Box3 215 84 70
31 10.0 35.0 1 204 233 90 0 34 Box3 215 84 70
34 8.0 45.0 -1 715 852 90 31 0 Box3 215 84 70
40 35.0 30.0 2 240 345 90 0 52 Box1 193 87 116
41 35.0 32.0 5 123 278 90 0 47 Box2 234 49 135
43 33.0 35.0 5 16 153 90 0 48 Box4 217 64 99
47 30.0 35.0 -5 872 1127 90 41 0 Box2 234 49 135
48 28.0 30.0 -5 599 726 90 43 0 Box4 217 64 99
50 26.0 32.0 1 779 916 0 0 101 Box2 234 49 135
52 25.0 35.0 -2 857 1024 90 40 0 Box1 193 87 116
54 42.0 10.0 5 96 347 90 0 59 Box3 215 84 70
59 38.0 15.0 -5 521 870 90 54 0 Box3 215 84 70
61 50.0 30.0 5 422 719 90 0 69 Box3 215 84 70
62 50.0 35.0 -2 217 362 90 67 0 Box2 234 49 135
66 47.0 35.0 3 794 907 0 0 103 Box3 215 84 70
67 47.0 40.0 2 12 226 90 0 62 Box2 234 49 135
69 45.0 35.0 -5 873 1012 90 61 0 Box3 215 84 70
101 26.0 32.0 -1 779 916 90 50 0 Box2 234 49 135
103 47.0 35.0 -3 794 907 90 66 0 Box3 215 84 70
107 42.2 48.5 0 0 1236 0 0 0 None None None None
