0 40.0 50.0 0 0 1236 0 0 0 None None None None
5 42.0 65.0 5 15 60 90 0 10 Box1 146 85 117
10 35.0 66.0 -5 361 406 90 5 0 Box1 146 85 117
12 25.0 85.0 -2 647 726 90 16 0 Box1 146 85 117
16 20.0 85.0 2 478 525 90 0 12 Box1 146 85 117
32 10.0 40.0 2 31 189 90 0 35 Box2 227 53 99
35 5.0 35.0 -2 251 376 90 32 0 Box2 227 53 99
77 88.0 30.0 1 450 767 90 0 80 Box1 146 85 117
80 85.0 25.0 -1 713 876 90 77 0 Box1 146 85 117
87 65.0 55.0 -5 25 256 90 90 0 Box1 146 85 117
90 60.0 55.0 5 20 293 90 0 87 Box1 146 85 117
107 42.2 48.5 0 0 1236 0 0 0 None None None None
