0 40.0 50.0 0 0 1236 0 0 0 None None None None
5 42.0 65.0 2 15 60 90 0 10 Box1 261 128 70
10 35.0 66.0 -2 361 406 90 5 0 Box1 261 128 70
12 25.0 85.0 -1 647 726 90 16 0 Box2 313 117 117
16 20.0 85.0 1 478 525 90 0 12 Box2 313 117 117
32 10.0 40.0 3 31 189 90 0 35 Box2 313 117 117
35 5.0 35.0 -3 251 376 90 32 0 Box2 313 117 117
77 88.0 30.0 1 450 767 90 0 80 Box1 261 128 70
80 85.0 25.0 -1 713 876 90 77 0 Box1 261 128 70
87 65.0 55.0 -2 25 256 90 90 0 Box1 261 128 70
90 60.0 55.0 2 20 293 90 0 87 Box1 261 128 70
107 42.2 48.5 0 0 1236 0 0 0 None None None None
