0 40.0 50.0 0 0 1236 0 0 0 None None None None
1 45.0 68.0 -2 890 989 90 6 0 Box1 305 107 140
6 40.0 69.0 2 559 764 90 0 1 Box1 305 107 140
15 20.0 80.0 -2 392 421 90 19 0 Box1 305 107 140
19 15.0 80.0 2 274 349 90 0 15 Box1 305 107 140
33 8.0 40.0 1 42 203 90 0 37 Box1 305 107 140
37 2.0 40.0 -1 365 452 90 33 0 Box1 305 107 140
54 42.0 10.0 3 96 347 90 0 59 Box1 305 107 140
59 38.0 15.0 -3 521 870 90 54 0 Box1 305 107 140
83 72.0 55.0 1 127 476 90 0 89 Box1 305 107 140
89 63.0 58.0 -1 630 909 90 83 0 Box1 305 107 140
93 65.0 85.0 -1 442 551 90 94 0 Box1 305 107 140
94 65.0 82.0 1 227 394 90 0 93 Box1 305 107 140
107 42.2 48.5 0 0 1236 0 0 0 None None None None
