0 40.0 50.0 0 0 1236 0 0 0 None None None None
1 45.0 68.0 -5 890 989 90 6 0 Box5 167 83 95
4 42.0 68.0 -4 703 806 90 8 0 Box4 159 83 123
6 40.0 69.0 5 559 764 90 0 1 Box5 167 83 95
8 38.0 68.0 4 250 329 90 0 4 Box4 159 83 123
15 20.0 80.0 -1 392 421 90 19 0 Box3 123 75 90
19 15.0 80.0 1 274 349 90 0 15 Box3 123 75 90
27 23.0 52.0 4 264 313 90 0 29 Box5 167 83 95
29 20.0 50.0 -4 365 398 90 27 0 Box5 167 83 95
44 32.0 30.0 4 338 433 90 0 51 Box1 184 88 72
51 25.0 30.0 -4 695 816 90 44 0 Box1 184 88 72
63 50.0 40.0 5 142 247 90 0 64 Box1 184 88 72
64 48.0 30.0 -5 567 758 90 63 0 Box1 184 88 72
70 95.0 30.0 4 266 577 90 0 73 Box1 184 88 72
73 92.0 30.0 -4 345 684 90 70 0 Box1 184 88 72
77 88.0 30.0 2 450 767 90 0 80 Box3 123 75 90
80 85.0 25.0 -2 713 876 90 77 0 Box3 123 75 90
95 62.0 80.0 3 163 272 90 0 99 Box2 213 79 73
99 55.0 80.0 -3 595 968 90 95 0 Box2 213 79 73
107 42.2 48.5 0 0 1236 0 0 0 None None None None
