0 40.0 50.0 0 0 1236 0 0 0 None None None None
4 42.0 68.0 -4 699 810 90 8 0 Box3 215 84 70
8 38.0 68.0 4 220 359 90 0 4 Box3 215 84 70
31 10.0 35.0 1 181 256 90 0 35 Box3 215 84 70
35 5.0 35.0 -1 252 375 90 31 0 Box3 215 84 70
40 35.0 30.0 -2 236 349 90 41 0 Box1 193 87 116
41 35.0 32.0 2 132 269 90 0 40 Box1 193 87 116
42 33.0 32.0 5 27 190 90 0 48 Box2 234 49 135
45 30.0 30.0 -5 512 629 90 46 0 Box4 217 64 99
46 30.0 32.0 5 417 540 90 0 45 Box4 217 64 99
48 28.0 30.0 -5 601 724 90 42 0 Box2 234 49 135
52 25.0 35.0 1 883 998 0 0 104 Box2 234 49 135
55 42.0 15.0 5 63 190 90 0 58 Box3 215 84 70
58 38.0 5.0 -5 439 566 90 55 0 Box3 215 84 70
61 50.0 30.0 5 491 650 90 0 68 Box3 215 84 70
64 48.0 30.0 -2 601 724 90 67 0 Box2 234 49 135
65 48.0 40.0 3 50 155 0 0 103 Box3 215 84 70
67 47.0 40.0 2 12 143 90 0 64 Box2 234 49 135
68 45.0 30.0 -5 712 799 90 61 0 Box3 215 84 70
103 48.0 40.0 -3 50 155 90 65 0 Box3 215 84 70
104 25.0 35.0 -1 883 998 90 52 0 Box2 234 49 135
107 42.3 48.5 0 0 1236 0 0 0 None None None None
