0 40.0 50.0 0 0 1236 0 0 0 None None None None
3 42.0 66.0 -5 25 186 90 5 0 Box1 146 85 117
5 42.0 65.0 5 15 120 90 0 3 Box1 146 85 117
14 22.0 85.0 -2 541 646 90 16 0 Box1 146 85 117
16 20.0 85.0 2 448 555 90 0 14 Box1 146 85 117
29 20.0 50.0 3 335 428 90 0 30 Box2 227 53 99
30 20.0 55.0 -3 422 531 90 29 0 Box2 227 53 99
76 90.0 35.0 -1 175 288 90 78 0 Box1 146 85 117
78 88.0 35.0 1 78 201 90 0 76 Box1 146 85 117
85 68.0 60.0 -5 527 640 90 90 0 Box1 146 85 117
90 60.0 55.0 5 20 148 90 0 85 Box1 146 85 117
107 42.3 48.5 0 0 1236 0 0 0 None None None None
