0 40.0 50.0 0 0 1236 0 0 0 None None None None
3 42.0 66.0 -2 25 186 90 5 0 Box1 261 128 70
5 42.0 65.0 2 15 120 90 0 3 Box1 261 128 70
14 22.0 85.0 -1 541 646 90 16 0 Box2 313 117 117
16 20.0 85.0 1 448 555 90 0 14 Box2 313 117 117
29 20.0 50.0 3 335 428 90 0 30 Box2 313 117 117
30 20.0 55.0 -3 422 531 90 29 0 Box2 313 117 117
76 90.0 35.0 -1 175 288 90 78 0 Box1 261 128 70
78 88.0 35.0 1 78 201 90 0 76 Box1 261 128 70
85 68.0 60.0 -2 527 640 90 90 0 Box1 261 128 70
90 60.0 55.0 2 20 148 90 0 85 Box1 261 128 70
107 42.3 48.5 0 0 1236 0 0 0 None None None None
