0 40.0 50.0 0 0 1236 0 0 0 None None None None
2 45.0 70.0 -4 802 893 90 6 0 Box2 179 49 100
6 40.0 69.0 4 580 743 90 0 2 Box2 179 49 100
15 20.0 80.0 -2 362 451 90 19 0 Box1 200 87 101
19 15.0 80.0 2 244 379 90 0 15 Box1 200 87 101
33 8.0 40.0 1 52 193 90 0 38 Box1 200 87 101
38 0.0 40.0 -1 457 544 90 33 0 Box1 200 87 101
54 42.0 10.0 4 150 293 90 0 53 Box3 164 90 108
53 44.0 5.0 -4 255 378 90 54 0 Box3 164 90 108
83 72.0 55.0 1 228 375 90 0 84 Box1 200 87 101
84 70.0 58.0 -1 425 556 90 83 0 Box1 200 87 101
93 65.0 85.0 2 453 540 90 0 97 Box2 179 49 100
97 60.0 85.0 -2 531 652 90 93 0 Box2 179 49 100
107 42.3 48.5 0 0 1236 0 0 0 None None None None
