0 40.0 50.0 0 0 1236 0 0 0 None None None None
14 22.0 85.0 -3 541 646 90 16 0 Box2 128 86 136
16 20.0 85.0 3 448 555 90 0 14 Box2 128 86 136
23 28.0 55.0 3 709 800 0 0 106 Box1 145 110 205
45 30.0 30.0 -2 512 629 90 46 0 Box2 128 86 136
46 30.0 32.0 2 417 540 90 0 45 Box2 128 86 136
50 26.0 32.0 -1 783 912 90 51 0 Box1 145 110 205
51 25.0 30.0 1 695 816 90 0 50 Box1 145 110 205
62 50.0 35.0 2 235 344 90 0 69 Box1 145 110 205
63 50.0 40.0 1 147 242 90 0 72 Box1 145 110 205
69 45.0 35.0 -2 889 996 90 62 0 Box1 145 110 205
72 53.0 30.0 -1 422 533 90 63 0 Box1 145 110 205
83 72.0 55.0 3 228 375 90 0 84 Box1 145 110 205
84 70.0 58.0 -3 425 556 90 83 0 Box1 145 110 205
106 28.0 55.0 -3 709 800 90 23 0 Box1 145 110 205
107 42.3 48.5 0 0 1236 0 0 0 None None None None
