0 40.0 50.0 0 0 1236 0 0 0 None None None None
3 42.0 66.0 -3 25 186 90 5 0 Box1 178 54 126
5 42.0 65.0 3 15 120 90 0 3 Box1 178 54 126
10 35.0 66.0 5 331 436 90 0 11 Box1 178 54 126
11 35.0 69.0 -5 420 533 90 10 0 Box1 178 54 126
31 10.0 35.0 4 181 256 90 0 35 Box1 178 54 126
32 10.0 40.0 1 31 170 90 0 36 Box1 178 54 126
34 8.0 45.0 2 719 848 0 0 101 Box1 178 54 126
35 5.0 35.0 -4 252 375 90 31 0 Box1 178 54 126
36 5.0 45.0 -1 639 742 90 32 0 Box1 178 54 126
40 35.0 30.0 -1 236 349 90 41 0 Box1 178 54 126
41 35.0 32.0 1 132 269 90 0 40 Box1 178 54 126
50 26.0 32.0 -2 783 912 90 51 0 Box1 178 54 126
51 25.0 30.0 2 695 816 90 0 50 Box1 178 54 126
59 38.0 15.0 -2 607 784 90 60 0 Box1 178 54 126
60 35.0 5.0 2 529 662 90 0 59 Box1 178 54 126
101 8.0 45.0 -2 719 848 90 34 0 Box1 178 54 126
107 42.3 48.5 0 0 1236 0 0 0 None None None None
