0 40.0 50.0 0 0 1236 0 0 0 None None None None
3 42.0 66.0 -2 25 186 90 5 0 Box2 218 51 115
5 42.0 65.0 2 15 120 90 0 3 Box2 218 51 115
10 35.0 66.0 1 331 436 90 0 11 Box2 218 51 115
11 35.0 69.0 -1 420 533 90 10 0 Box2 218 51 115
31 10.0 35.0 1 181 256 90 0 35 Box2 218 51 115
32 10.0 40.0 3 31 170 90 0 36 Box2 218 51 115
34 8.0 45.0 1 719 848 0 0 101 Box1 205 120 114
35 5.0 35.0 -1 252 375 90 31 0 Box2 218 51 115
36 5.0 45.0 -3 639 742 90 32 0 Box2 218 51 115
40 35.0 30.0 -3 236 349 90 41 0 Box2 218 51 115
41 35.0 32.0 3 132 269 90 0 40 Box2 218 51 115
50 26.0 32.0 -3 783 912 90 51 0 Box2 218 51 115
51 25.0 30.0 3 695 816 90 0 50 Box2 218 51 115
59 38.0 15.0 -2 607 784 90 60 0 Box1 205 120 114
60 35.0 5.0 2 529 662 90 0 59 Box1 205 120 114
101 8.0 45.0 -1 719 848 90 34 0 Box1 205 120 114
107 42.3 48.5 0 0 1236 0 0 0 None None None None
