0 40.0 50.0 0 0 1236 0 0 0 None None None None
2 45.0 70.0 -2 802 893 90 6 0 Box1 200 134 95
6 40.0 69.0 2 580 743 90 0 2 Box1 200 134 95
75 45.0 65.0 -3 962 1103 90 1 0 Box3 147 73 155
1 45.0 68.0 3 885 994 90 0 75 Box3 147 73 155
15 20.0 80.0 -3 362 451 90 19 0 Box1 200 134 95
19 15.0 80.0 3 244 379 90 0 15 Box1 200 134 95
22 28.0 52.0 -3 776 919 90 28 0 Box2 192 124 98
28 23.0 55.0 3 523 616 90 0 22 Box2 192 124 98
47 30.0 35.0 -2 982 1127 90 49 0 Box3 147 73 155
49 28.0 35.0 2 969 1098 90 0 47 Box3 147 73 155
41 35.0 32.0 3 132 269 90 0 40 Box3 147 73 155
40 35.0 30.0 -3 236 349 90 41 0 Box3 147 73 155
71 95.0 35.0 2 260 393 90 0 73 Box1 200 134 95
73 92.0 30.0 -2 442 587 90 71 0 Box1 200 134 95
76 90.0 35.0 -3 175 288 90 78 0 Box3 147 73 155
78 88.0 35.0 3 78 201 90 0 76 Box3 147 73 155
94 65.0 82.0 1 260 361 90 0 100 Box3 147 73 155
100 55.0 85.0 -1 608 765 90 94 0 Box3 147 73 155
107 42.3 48.5 0 0 1236 0 0 0 None None None None
