0 40.0 50.0 0 0 1236 0 0 0 None None None None
2 45.0 70.0 -5 802 893 90 6 0 Box5 167 83 95
6 40.0 69.0 5 580 743 90 0 2 Box5 167 83 95
75 45.0 65.0 -4 962 1103 90 1 0 Box4 159 83 123
1 45.0 68.0 4 885 994 90 0 75 Box4 159 83 123
15 20.0 80.0 -1 362 451 90 19 0 Box3 123 75 90
19 15.0 80.0 1 244 379 90 0 15 Box3 123 75 90
22 28.0 52.0 -4 776 919 90 28 0 Box5 167 83 95
28 23.0 55.0 4 523 616 90 0 22 Box5 167 83 95
47 30.0 35.0 -4 982 1127 90 49 0 Box1 184 88 72
49 28.0 35.0 4 969 1098 90 0 47 Box1 184 88 72
41 35.0 32.0 5 132 269 90 0 40 Box1 184 88 72
40 35.0 30.0 -5 236 349 90 41 0 Box1 184 88 72
71 95.0 35.0 4 260 393 90 0 73 Box1 184 88 72
73 92.0 30.0 -4 442 587 90 71 0 Box1 184 88 72
76 90.0 35.0 -2 175 288 90 78 0 Box3 123 75 90
78 88.0 35.0 2 78 201 90 0 76 Box3 123 75 90
94 65.0 82.0 3 260 361 90 0 100 Box2 213 79 73
100 55.0 85.0 -3 608 765 90 94 0 Box2 213 79 73
107 42.3 48.5 0 0 1236 0 0 0 None None None None
